NAME: CVRP_BENCHMARK
TYPE: CVRP
COMMENT: none
DIMENSION: 151
NUM_DAYS: 5
CAPACITY: 200
DISTANCE: 1e+07
EDGE_WEIGHT_TYPE: FUNCTION
EDGE_WEIGHT_FORMAT: EUC_2D
NODE_COORD_TYPE: TWOD_COORDS
NODE_COORD_SECTION
1 2 17
2 14 14
3 17 29
4 -15 -9
5 5 -5
6 -14 12
7 -18 28
8 -4 27
9 17 -2
10 16 -14
11 7 6
12 -4 -3
13 -30 -10
14 -23 7
15 1 -19
16 17 6
17 -8 -12
18 -18 -2
19 -22 -22
20 22 23
21 27 7
22 7 22
23 -19 22
24 -27 17
25 -28 3
26 -8 33
27 -5 13
28 8 32
29 23 13
30 23 -8
31 2 34
32 3 11
33 11 -25
34 26 -2
35 27 28
36 28 34
37 -3 -13
38 10 0
39 24 -20
40 -30 -29
41 -25 -18
42 -14 -25
43 -30 29
44 -5 -20
45 4 -25
46 -3 4
47 -10 -3
48 -10 20
49 13 -7
50 21 2
51 6 14
52 0 -18
53 20 10
54 20 -15
55 -20 -5
56 -10 -5
57 -15 15
58 -25 8
59 20 25
60 -5 25
61 -15 30
62 15 0
63 -5 -10
64 -20 -25
65 -5 -30
66 -25 -15
67 -30 -5
68 -15 5
69 -20 25
70 10 30
71 10 -15
72 10 -25
73 20 -30
74 30 0
75 30 -15
76 10 -5
77 0 5
78 6 2
79 29 7
80 5 25
81 -4 17
82 0 34
83 18 17
84 30 20
85 28 30
86 -33 25
87 -15 -15
88 -30 -30
89 25 -23
90 5 -10
91 7 -28
92 -11 -23
93 -12 -32
94 -24 -21
95 -29 3
96 -33 13
97 -27 21
98 -22 17
99 -29 33
100 12 12
101 14 23
102 -8 8
103 2 -4
104 22 -6
105 28 -12
106 18 -23
107 -3 -23
108 1 -9
109 -14 -11
110 -18 -1
111 -23 -11
112 -11 23
113 -8 34
114 -20 42
115 27 42
116 14 38
117 32 -30
118 21 4
119 2 12
120 2 21
121 22 33
122 12 -19
123 9 -18
124 11 -22
125 14 -24
126 14 7
127 18 8
128 26 17
129 22 13
130 21 2
131 20 19
132 -20 12
133 -21 2
134 -24 -4
135 -19 -13
136 -31 -17
137 -7 -17
138 -9 17
139 -9 0
140 -4 32
141 -20 -16
142 -13 -13
143 -17 -11
144 -9 -8
145 -10 -11
146 -13 -8
147 -10 -14
148 -16 -14
149 -15 -9
150 -17 -17
DEMAND_SECTION
1 7 7 7 7 -1 
2 30 30 30 30 30 
3 16 16 16 16 -1 
4 -1 9 9 9 9 
5 21 21 21 21 21 
6 15 15 15 -1 15 
7 19 19 19 19 19 
8 23 23 -1 23 23 
9 11 11 11 11 11 
10 5 5 -1 5 -1 
11 19 19 19 19 19 
12 29 29 29 29 29 
13 23 -1 -1 23 23 
14 21 21 21 21 21 
15 10 10 10 -1 -1 
16 15 15 15 15 15 
17 3 3 3 3 3 
18 41 41 41 41 41 
19 -1 9 9 9 9 
20 -1 28 28 28 -1 
21 8 8 -1 -1 8 
22 8 8 8 8 8 
23 16 16 16 16 16 
24 10 10 10 10 -1 
25 28 28 28 28 -1 
26 -1 7 7 7 7 
27 15 15 15 15 15 
28 14 14 14 14 14 
29 -1 -1 -1 -1 -1 
30 19 19 19 19 -1 
31 11 11 11 11 11 
32 12 12 12 12 12 
33 23 23 23 23 -1 
34 26 26 26 -1 26 
35 17 17 17 -1 17 
36 6 6 6 -1 6 
37 9 9 9 9 9 
38 15 15 15 15 -1 
39 14 14 14 14 14 
40 7 7 -1 7 7 
41 -1 27 -1 -1 27 
42 13 13 13 13 13 
43 11 11 11 11 11 
44 16 16 16 16 16 
45 10 10 10 -1 10 
46 5 5 5 5 5 
47 -1 25 25 25 25 
48 17 17 17 17 17 
49 18 18 18 18 18 
50 10 10 10 10 10 
51 10 10 10 10 10 
52 7 7 7 7 7 
53 -1 13 13 13 13 
54 19 19 19 19 19 
55 26 26 26 26 26 
56 3 3 3 3 3 
57 -1 5 5 5 5 
58 9 -1 -1 9 9 
59 16 16 16 16 -1 
60 -1 16 16 16 16 
61 12 -1 -1 12 12 
62 19 19 19 19 19 
63 23 23 23 23 23 
64 20 20 20 20 20 
65 8 8 8 8 8 
66 19 19 19 19 -1 
67 -1 2 2 2 2 
68 12 12 12 12 12 
69 17 17 17 17 17 
70 9 9 9 9 -1 
71 11 11 11 11 11 
72 18 18 18 18 18 
73 29 29 29 29 29 
74 3 3 3 -1 3 
75 6 6 6 6 6 
76 17 17 17 17 17 
77 16 16 -1 16 16 
78 16 16 16 16 16 
79 9 9 9 9 9 
80 21 21 21 21 21 
81 27 27 27 27 27 
82 23 23 23 23 23 
83 11 11 11 11 11 
84 14 14 14 -1 14 
85 8 8 8 8 8 
86 5 5 5 5 5 
87 8 8 8 8 8 
88 16 16 16 16 16 
89 31 31 31 31 31 
90 9 9 9 9 9 
91 5 5 5 5 5 
92 5 5 5 5 -1 
93 7 7 7 7 7 
94 18 18 18 18 18 
95 16 16 16 16 16 
96 1 1 1 1 1 
97 27 27 27 27 27 
98 36 36 36 36 36 
99 30 30 30 30 30 
100 13 13 13 13 13 
101 10 10 -1 10 10 
102 9 9 9 9 -1 
103 14 -1 14 -1 14 
104 18 -1 18 18 18 
105 2 -1 -1 2 2 
106 6 6 6 6 6 
107 7 7 7 7 7 
108 18 18 18 18 18 
109 28 28 28 28 28 
110 3 3 3 3 3 
111 13 13 13 13 13 
112 19 19 19 19 19 
113 10 10 10 10 10 
114 9 9 9 9 -1 
115 20 20 20 20 20 
116 25 25 -1 25 25 
117 25 25 -1 -1 25 
118 36 36 36 36 36 
119 -1 6 6 -1 6 
120 5 5 5 -1 5 
121 15 -1 15 15 15 
122 25 25 25 25 25 
123 9 -1 9 9 9 
124 8 8 8 8 8 
125 18 18 18 18 18 
126 13 13 13 13 -1 
127 14 14 14 -1 14 
128 3 3 3 3 -1 
129 23 23 23 23 23 
130 6 6 6 -1 6 
131 26 26 26 -1 26 
132 16 16 16 16 16 
133 11 11 -1 11 11 
134 7 7 7 -1 7 
135 41 41 41 41 41 
136 35 35 -1 35 35 
137 26 26 26 26 26 
138 -1 9 9 9 9 
139 15 15 15 15 15 
140 3 3 3 3 3 
141 -1 1 1 1 1 
142 2 2 2 2 2 
143 22 22 22 22 22 
144 -1 27 -1 27 27 
145 20 20 20 20 20 
146 -1 11 11 11 11 
147 12 12 12 12 -1 
148 10 10 10 10 10 
149 9 9 9 9 9 
150 17 17 17 17 17 
SVC_TIME_SECTION
1 0 0 0 0 0 
2 0 0 0 0 0 
3 0 0 0 0 0 
4 0 0 0 0 0 
5 0 0 0 0 0 
6 0 0 0 0 0 
7 0 0 0 0 0 
8 0 0 0 0 0 
9 0 0 0 0 0 
10 0 0 0 0 0 
11 0 0 0 0 0 
12 0 0 0 0 0 
13 0 0 0 0 0 
14 0 0 0 0 0 
15 0 0 0 0 0 
16 0 0 0 0 0 
17 0 0 0 0 0 
18 0 0 0 0 0 
19 0 0 0 0 0 
20 0 0 0 0 0 
21 0 0 0 0 0 
22 0 0 0 0 0 
23 0 0 0 0 0 
24 0 0 0 0 0 
25 0 0 0 0 0 
26 0 0 0 0 0 
27 0 0 0 0 0 
28 0 0 0 0 0 
29 0 0 0 0 0 
30 0 0 0 0 0 
31 0 0 0 0 0 
32 0 0 0 0 0 
33 0 0 0 0 0 
34 0 0 0 0 0 
35 0 0 0 0 0 
36 0 0 0 0 0 
37 0 0 0 0 0 
38 0 0 0 0 0 
39 0 0 0 0 0 
40 0 0 0 0 0 
41 0 0 0 0 0 
42 0 0 0 0 0 
43 0 0 0 0 0 
44 0 0 0 0 0 
45 0 0 0 0 0 
46 0 0 0 0 0 
47 0 0 0 0 0 
48 0 0 0 0 0 
49 0 0 0 0 0 
50 0 0 0 0 0 
51 0 0 0 0 0 
52 0 0 0 0 0 
53 0 0 0 0 0 
54 0 0 0 0 0 
55 0 0 0 0 0 
56 0 0 0 0 0 
57 0 0 0 0 0 
58 0 0 0 0 0 
59 0 0 0 0 0 
60 0 0 0 0 0 
61 0 0 0 0 0 
62 0 0 0 0 0 
63 0 0 0 0 0 
64 0 0 0 0 0 
65 0 0 0 0 0 
66 0 0 0 0 0 
67 0 0 0 0 0 
68 0 0 0 0 0 
69 0 0 0 0 0 
70 0 0 0 0 0 
71 0 0 0 0 0 
72 0 0 0 0 0 
73 0 0 0 0 0 
74 0 0 0 0 0 
75 0 0 0 0 0 
76 0 0 0 0 0 
77 0 0 0 0 0 
78 0 0 0 0 0 
79 0 0 0 0 0 
80 0 0 0 0 0 
81 0 0 0 0 0 
82 0 0 0 0 0 
83 0 0 0 0 0 
84 0 0 0 0 0 
85 0 0 0 0 0 
86 0 0 0 0 0 
87 0 0 0 0 0 
88 0 0 0 0 0 
89 0 0 0 0 0 
90 0 0 0 0 0 
91 0 0 0 0 0 
92 0 0 0 0 0 
93 0 0 0 0 0 
94 0 0 0 0 0 
95 0 0 0 0 0 
96 0 0 0 0 0 
97 0 0 0 0 0 
98 0 0 0 0 0 
99 0 0 0 0 0 
100 0 0 0 0 0 
101 0 0 0 0 0 
102 0 0 0 0 0 
103 0 0 0 0 0 
104 0 0 0 0 0 
105 0 0 0 0 0 
106 0 0 0 0 0 
107 0 0 0 0 0 
108 0 0 0 0 0 
109 0 0 0 0 0 
110 0 0 0 0 0 
111 0 0 0 0 0 
112 0 0 0 0 0 
113 0 0 0 0 0 
114 0 0 0 0 0 
115 0 0 0 0 0 
116 0 0 0 0 0 
117 0 0 0 0 0 
118 0 0 0 0 0 
119 0 0 0 0 0 
120 0 0 0 0 0 
121 0 0 0 0 0 
122 0 0 0 0 0 
123 0 0 0 0 0 
124 0 0 0 0 0 
125 0 0 0 0 0 
126 0 0 0 0 0 
127 0 0 0 0 0 
128 0 0 0 0 0 
129 0 0 0 0 0 
130 0 0 0 0 0 
131 0 0 0 0 0 
132 0 0 0 0 0 
133 0 0 0 0 0 
134 0 0 0 0 0 
135 0 0 0 0 0 
136 0 0 0 0 0 
137 0 0 0 0 0 
138 0 0 0 0 0 
139 0 0 0 0 0 
140 0 0 0 0 0 
141 0 0 0 0 0 
142 0 0 0 0 0 
143 0 0 0 0 0 
144 0 0 0 0 0 
145 0 0 0 0 0 
146 0 0 0 0 0 
147 0 0 0 0 0 
148 0 0 0 0 0 
149 0 0 0 0 0 
150 0 0 0 0 0 
DEPOT_SECTION
0 0
-1
EOF
