NAME: CVRP_BENCHMARK
TYPE: CVRP
COMMENT: none
DIMENSION: 200
NUM_DAYS: 5
CAPACITY: 200
DISTANCE: 200
EDGE_WEIGHT_TYPE: FUNCTION
EDGE_WEIGHT_FORMAT: EUC_2D
NODE_COORD_TYPE: TWOD_COORDS
NODE_COORD_SECTION
1 -13 -13
2 1 -9
3 -14 10
4 10 0
5 20 -15
6 -2 -1
7 15 15
8 20 10
9 -9 24
10 5 31
11 20 30
12 0 16
13 27 0
14 27 22
15 27 -11
16 -14 1
17 -2 9
18 -26 21
19 27 13
20 31 -21
21 9 -22
22 -9 -22
23 -24 -7
24 -28 8
25 -18 29
26 6 11
27 20 -1
28 0 -19
29 17 -9
30 8 -9
31 -4 41
32 -13 18
33 -9 -6
34 15 5
35 20 15
36 19 -25
37 25 -20
38 12 31
39 -5 25
40 -5 15
41 -23 -18
42 -20 -21
43 -19 -16
44 -14 13
45 15 -5
46 16 7
47 15 -20
48 13 -14
49 -23 3
50 2 17
51 14 14
52 17 29
53 -15 -9
54 5 -5
55 -14 12
56 -18 28
57 -4 27
58 17 -2
59 16 -14
60 7 6
61 -4 -3
62 -30 -10
63 -23 7
64 1 -19
65 17 6
66 -8 -12
67 -18 -2
68 -22 -22
69 22 23
70 27 7
71 7 22
72 -19 22
73 -27 17
74 -28 3
75 -8 33
76 -5 13
77 8 32
78 23 13
79 23 -8
80 2 34
81 3 11
82 11 -25
83 26 -2
84 27 28
85 28 34
86 -3 -13
87 10 0
88 24 -20
89 -30 -29
90 -25 -18
91 -14 -25
92 -30 29
93 -5 -20
94 4 -25
95 -3 4
96 -10 -3
97 -10 20
98 13 -7
99 21 2
100 6 14
101 0 -18
102 20 10
103 20 -15
104 -20 -5
105 -10 -5
106 -15 15
107 -25 8
108 20 25
109 -5 25
110 -15 30
111 15 0
112 -5 -10
113 -20 -25
114 -5 -30
115 -25 -15
116 -30 -5
117 -15 5
118 -20 25
119 10 30
120 10 -15
121 10 -25
122 20 -30
123 30 0
124 30 -15
125 10 -5
126 0 5
127 6 2
128 29 7
129 5 25
130 -4 17
131 0 34
132 18 17
133 30 20
134 28 30
135 -33 25
136 -15 -15
137 -30 -30
138 25 -23
139 5 -10
140 7 -28
141 -11 -23
142 -12 -32
143 -24 -21
144 -29 3
145 -33 13
146 -27 21
147 -22 17
148 -29 33
149 12 12
150 14 23
151 -8 8
152 2 -4
153 22 -6
154 28 -12
155 18 -23
156 -3 -23
157 1 -9
158 -14 -11
159 -18 -1
160 -23 -11
161 -11 23
162 -8 34
163 -20 42
164 27 42
165 14 38
166 32 -30
167 21 4
168 2 12
169 2 21
170 22 33
171 12 -19
172 9 -18
173 11 -22
174 14 -24
175 14 7
176 18 8
177 26 17
178 22 13
179 21 2
180 20 19
181 -20 12
182 -21 2
183 -24 -4
184 -19 -13
185 -31 -17
186 -7 -17
187 -9 17
188 -9 0
189 -4 32
190 -20 -16
191 -13 -13
192 -17 -11
193 -9 -8
194 -10 -11
195 -13 -8
196 -10 -14
197 -16 -14
198 -15 -9
199 -17 -17
DEMAND_SECTION
1 -1 18 -1 -1 -1 
2 26 26 -1 26 -1 
3 11 -1 11 -1 -1 
4 -1 -1 -1 30 -1 
5 21 21 21 -1 21 
6 19 19 19 -1 19 
7 -1 -1 -1 15 -1 
8 -1 16 -1 16 -1 
9 -1 -1 29 -1 29 
10 -1 -1 -1 -1 -1 
11 -1 37 37 -1 -1 
12 16 16 16 16 16 
13 12 -1 -1 -1 12 
14 -1 31 -1 -1 -1 
15 -1 8 8 -1 -1 
16 -1 19 -1 -1 19 
17 -1 20 20 -1 -1 
18 13 13 -1 13 -1 
19 -1 -1 -1 -1 15 
20 -1 22 -1 -1 -1 
21 28 28 -1 -1 28 
22 -1 -1 12 -1 12 
23 -1 6 6 6 6 
24 27 -1 27 27 -1 
25 14 14 14 -1 -1 
26 -1 -1 18 -1 18 
27 17 17 -1 17 17 
28 -1 29 -1 29 -1 
29 13 -1 13 -1 13 
30 22 -1 -1 -1 -1 
31 -1 -1 25 25 -1 
32 28 28 28 28 -1 
33 -1 -1 27 27 -1 
34 19 -1 19 -1 19 
35 -1 10 10 -1 -1 
36 12 12 12 -1 -1 
37 14 -1 -1 14 -1 
38 24 -1 -1 24 -1 
39 -1 -1 -1 -1 16 
40 33 -1 -1 -1 -1 
41 -1 -1 -1 -1 15 
42 11 -1 -1 11 -1 
43 18 -1 18 -1 18 
44 17 17 17 -1 17 
45 -1 -1 -1 21 -1 
46 -1 27 27 -1 -1 
47 19 19 -1 19 19 
48 20 -1 -1 20 -1 
49 5 5 5 -1 5 
50 -1 7 7 -1 -1 
51 -1 30 30 -1 -1 
52 -1 16 -1 16 -1 
53 -1 -1 9 -1 9 
54 21 -1 -1 21 21 
55 15 -1 -1 -1 15 
56 -1 19 19 19 -1 
57 23 -1 23 23 23 
58 -1 -1 -1 -1 11 
59 -1 5 -1 -1 -1 
60 -1 19 -1 -1 19 
61 -1 -1 -1 29 -1 
62 23 23 -1 23 23 
63 -1 21 21 21 -1 
64 -1 10 -1 10 -1 
65 -1 15 15 15 15 
66 3 3 3 -1 -1 
67 -1 -1 -1 41 41 
68 9 -1 -1 9 9 
69 28 28 -1 28 28 
70 8 8 8 -1 -1 
71 8 -1 -1 8 8 
72 -1 -1 -1 16 -1 
73 10 -1 10 10 10 
74 -1 -1 -1 28 -1 
75 7 7 7 -1 -1 
76 15 15 -1 -1 15 
77 14 -1 -1 14 14 
78 -1 6 6 6 6 
79 -1 -1 19 19 19 
80 11 -1 -1 11 11 
81 -1 -1 -1 -1 12 
82 23 -1 23 23 -1 
83 -1 -1 -1 26 -1 
84 17 17 -1 17 17 
85 6 -1 6 6 -1 
86 9 -1 -1 9 9 
87 -1 -1 -1 15 15 
88 14 -1 14 -1 -1 
89 -1 7 7 7 7 
90 27 27 -1 27 -1 
91 13 13 13 13 -1 
92 11 -1 -1 -1 -1 
93 -1 -1 16 -1 16 
94 -1 -1 -1 10 -1 
95 5 -1 -1 -1 5 
96 25 25 -1 25 -1 
97 -1 -1 17 17 17 
98 18 -1 -1 18 18 
99 -1 -1 -1 10 -1 
100 10 10 -1 -1 -1 
101 -1 7 7 -1 -1 
102 -1 -1 -1 13 -1 
103 -1 -1 19 -1 -1 
104 26 -1 -1 -1 -1 
105 3 -1 -1 -1 -1 
106 -1 -1 5 -1 5 
107 9 -1 -1 -1 -1 
108 16 -1 -1 -1 -1 
109 16 -1 16 -1 -1 
110 -1 -1 12 12 -1 
111 19 -1 19 -1 19 
112 23 23 23 23 23 
113 -1 -1 -1 -1 20 
114 8 -1 8 8 -1 
115 -1 19 19 -1 -1 
116 -1 2 2 -1 -1 
117 -1 -1 -1 12 -1 
118 17 17 -1 17 -1 
119 -1 9 9 -1 -1 
120 -1 11 -1 -1 11 
121 18 -1 -1 -1 18 
122 29 29 -1 -1 29 
123 -1 -1 3 3 3 
124 -1 -1 -1 -1 6 
125 -1 -1 17 17 17 
126 16 -1 -1 -1 -1 
127 -1 16 16 16 -1 
128 -1 -1 9 9 -1 
129 21 -1 -1 21 21 
130 -1 27 -1 -1 -1 
131 -1 23 23 23 23 
132 -1 11 11 11 -1 
133 14 14 14 14 -1 
134 -1 8 -1 8 8 
135 5 5 5 5 -1 
136 -1 8 8 8 -1 
137 -1 16 -1 16 -1 
138 31 -1 -1 31 -1 
139 -1 9 9 -1 -1 
140 -1 -1 -1 5 -1 
141 5 -1 5 -1 5 
142 7 7 7 7 -1 
143 18 -1 -1 18 -1 
144 16 16 -1 16 -1 
145 1 -1 -1 -1 -1 
146 -1 27 27 -1 -1 
147 36 -1 36 36 -1 
148 30 30 -1 -1 30 
149 13 -1 13 13 -1 
150 10 -1 10 -1 -1 
151 -1 9 -1 -1 -1 
152 14 14 14 -1 -1 
153 -1 -1 -1 18 -1 
154 2 2 2 2 2 
155 6 -1 -1 -1 6 
156 7 7 7 -1 7 
157 18 18 -1 -1 18 
158 -1 -1 28 28 -1 
159 -1 3 -1 -1 -1 
160 -1 13 -1 -1 13 
161 19 19 -1 19 -1 
162 10 10 -1 -1 10 
163 -1 -1 9 -1 9 
164 20 -1 20 -1 20 
165 25 25 25 -1 25 
166 -1 -1 25 -1 -1 
167 36 -1 -1 36 36 
168 -1 6 6 6 6 
169 5 5 5 -1 5 
170 15 15 -1 -1 -1 
171 -1 -1 25 25 -1 
172 9 -1 9 9 -1 
173 -1 -1 -1 8 -1 
174 -1 -1 18 -1 18 
175 13 13 -1 13 -1 
176 -1 -1 14 -1 -1 
177 -1 -1 -1 -1 3 
178 -1 -1 23 23 23 
179 -1 -1 -1 6 -1 
180 26 26 -1 26 26 
181 16 16 16 -1 -1 
182 11 -1 -1 -1 11 
183 7 -1 -1 -1 7 
184 41 -1 -1 -1 -1 
185 -1 -1 -1 -1 35 
186 26 -1 26 26 26 
187 9 9 -1 9 9 
188 -1 -1 15 -1 -1 
189 3 3 3 3 -1 
190 1 -1 1 -1 -1 
191 2 2 2 2 2 
192 -1 22 22 -1 22 
193 27 27 -1 27 27 
194 20 20 -1 20 -1 
195 -1 -1 11 11 -1 
196 -1 12 -1 12 -1 
197 -1 -1 10 -1 -1 
198 -1 9 9 -1 9 
199 -1 17 17 -1 17 
SVC_TIME_SECTION
1 0 10 0 0 0 
2 10 10 0 10 0 
3 10 0 10 0 0 
4 0 0 0 10 0 
5 10 10 10 0 10 
6 10 10 10 0 10 
7 0 0 0 10 0 
8 0 10 0 10 0 
9 0 0 10 0 10 
10 0 0 0 0 0 
11 0 10 10 0 0 
12 10 10 10 10 10 
13 10 0 0 0 10 
14 0 10 0 0 0 
15 0 10 10 0 0 
16 0 10 0 0 10 
17 0 10 10 0 0 
18 10 10 0 10 0 
19 0 0 0 0 10 
20 0 10 0 0 0 
21 10 10 0 0 10 
22 0 0 10 0 10 
23 0 10 10 10 10 
24 10 0 10 10 0 
25 10 10 10 0 0 
26 0 0 10 0 10 
27 10 10 0 10 10 
28 0 10 0 10 0 
29 10 0 10 0 10 
30 10 0 0 0 0 
31 0 0 10 10 0 
32 10 10 10 10 0 
33 0 0 10 10 0 
34 10 0 10 0 10 
35 0 10 10 0 0 
36 10 10 10 0 0 
37 10 0 0 10 0 
38 10 0 0 10 0 
39 0 0 0 0 10 
40 10 0 0 0 0 
41 0 0 0 0 10 
42 10 0 0 10 0 
43 10 0 10 0 10 
44 10 10 10 0 10 
45 0 0 0 10 0 
46 0 10 10 0 0 
47 10 10 0 10 10 
48 10 0 0 10 0 
49 10 10 10 0 10 
50 0 10 10 0 0 
51 0 10 10 0 0 
52 0 10 0 10 0 
53 0 0 10 0 10 
54 10 0 0 10 10 
55 10 0 0 0 10 
56 0 10 10 10 0 
57 10 0 10 10 10 
58 0 0 0 0 10 
59 0 10 0 0 0 
60 0 10 0 0 10 
61 0 0 0 10 0 
62 10 10 0 10 10 
63 0 10 10 10 0 
64 0 10 0 10 0 
65 0 10 10 10 10 
66 10 10 10 0 0 
67 0 0 0 10 10 
68 10 0 0 10 10 
69 10 10 0 10 10 
70 10 10 10 0 0 
71 10 0 0 10 10 
72 0 0 0 10 0 
73 10 0 10 10 10 
74 0 0 0 10 0 
75 10 10 10 0 0 
76 10 10 0 0 10 
77 10 0 0 10 10 
78 0 10 10 10 10 
79 0 0 10 10 10 
80 10 0 0 10 10 
81 0 0 0 0 10 
82 10 0 10 10 0 
83 0 0 0 10 0 
84 10 10 0 10 10 
85 10 0 10 10 0 
86 10 0 0 10 10 
87 0 0 0 10 10 
88 10 0 10 0 0 
89 0 10 10 10 10 
90 10 10 0 10 0 
91 10 10 10 10 0 
92 10 0 0 0 0 
93 0 0 10 0 10 
94 0 0 0 10 0 
95 10 0 0 0 10 
96 10 10 0 10 0 
97 0 0 10 10 10 
98 10 0 0 10 10 
99 0 0 0 10 0 
100 10 10 0 0 0 
101 0 10 10 0 0 
102 0 0 0 10 0 
103 0 0 10 0 0 
104 10 0 0 0 0 
105 10 0 0 0 0 
106 0 0 10 0 10 
107 10 0 0 0 0 
108 10 0 0 0 0 
109 10 0 10 0 0 
110 0 0 10 10 0 
111 10 0 10 0 10 
112 10 10 10 10 10 
113 0 0 0 0 10 
114 10 0 10 10 0 
115 0 10 10 0 0 
116 0 10 10 0 0 
117 0 0 0 10 0 
118 10 10 0 10 0 
119 0 10 10 0 0 
120 0 10 0 0 10 
121 10 0 0 0 10 
122 10 10 0 0 10 
123 0 0 10 10 10 
124 0 0 0 0 10 
125 0 0 10 10 10 
126 10 0 0 0 0 
127 0 10 10 10 0 
128 0 0 10 10 0 
129 10 0 0 10 10 
130 0 10 0 0 0 
131 0 10 10 10 10 
132 0 10 10 10 0 
133 10 10 10 10 0 
134 0 10 0 10 10 
135 10 10 10 10 0 
136 0 10 10 10 0 
137 0 10 0 10 0 
138 10 0 0 10 0 
139 0 10 10 0 0 
140 0 0 0 10 0 
141 10 0 10 0 10 
142 10 10 10 10 0 
143 10 0 0 10 0 
144 10 10 0 10 0 
145 10 0 0 0 0 
146 0 10 10 0 0 
147 10 0 10 10 0 
148 10 10 0 0 10 
149 10 0 10 10 0 
150 10 0 10 0 0 
151 0 10 0 0 0 
152 10 10 10 0 0 
153 0 0 0 10 0 
154 10 10 10 10 10 
155 10 0 0 0 10 
156 10 10 10 0 10 
157 10 10 0 0 10 
158 0 0 10 10 0 
159 0 10 0 0 0 
160 0 10 0 0 10 
161 10 10 0 10 0 
162 10 10 0 0 10 
163 0 0 10 0 10 
164 10 0 10 0 10 
165 10 10 10 0 10 
166 0 0 10 0 0 
167 10 0 0 10 10 
168 0 10 10 10 10 
169 10 10 10 0 10 
170 10 10 0 0 0 
171 0 0 10 10 0 
172 10 0 10 10 0 
173 0 0 0 10 0 
174 0 0 10 0 10 
175 10 10 0 10 0 
176 0 0 10 0 0 
177 0 0 0 0 10 
178 0 0 10 10 10 
179 0 0 0 10 0 
180 10 10 0 10 10 
181 10 10 10 0 0 
182 10 0 0 0 10 
183 10 0 0 0 10 
184 10 0 0 0 0 
185 0 0 0 0 10 
186 10 0 10 10 10 
187 10 10 0 10 10 
188 0 0 10 0 0 
189 10 10 10 10 0 
190 10 0 10 0 0 
191 10 10 10 10 10 
192 0 10 10 0 10 
193 10 10 0 10 10 
194 10 10 0 10 0 
195 0 0 10 10 0 
196 0 10 0 10 0 
197 0 0 10 0 0 
198 0 10 10 0 10 
199 0 10 10 0 10 
DEPOT_SECTION
0 0
-1
EOF
