NAME: CVRP_BENCHMARK
TYPE: CVRP
COMMENT: none
DIMENSION: 101
NUM_DAYS: 5
CAPACITY: 200
DISTANCE: 1e+07
EDGE_WEIGHT_TYPE: FUNCTION
EDGE_WEIGHT_FORMAT: EUC_2D
NODE_COORD_TYPE: TWOD_COORDS
NODE_COORD_SECTION
1 5 18
2 5 20
3 2 16
4 2 18
5 2 15
6 0 19
7 0 16
8 -2 18
9 -2 20
10 -5 16
11 -5 19
12 -15 35
13 -18 25
14 -18 35
15 -20 30
16 -20 35
17 -22 25
18 -25 25
19 -25 30
20 -10 0
21 -10 2
22 -12 2
23 -12 5
24 -15 0
25 -15 2
26 -15 5
27 -17 2
28 -17 5
29 -20 0
30 -20 5
31 -30 -15
32 -30 -10
33 -32 -10
34 -32 -5
35 -35 -15
36 -35 -5
37 -38 -10
38 -40 -10
39 -40 -5
40 -5 -20
41 -5 -18
42 -7 -18
43 -7 -15
44 -8 -20
45 -10 -20
46 -10 -18
47 -10 -15
48 -12 -20
49 -12 -15
50 -14 -18
51 -15 -20
52 -15 -15
53 4 -45
54 2 -40
55 2 -35
56 0 -45
57 0 -35
58 -2 -45
59 -2 -35
60 -5 -45
61 10 -20
62 10 -15
63 10 -10
64 8 -20
65 8 -10
66 7 -15
67 7 -10
68 5 -20
69 5 -15
70 55 -20
71 55 -15
72 13 -20
73 52 -20
74 13 -15
75 5 15
76 50 -15
77 48 -20
78 48 -15
79 47 -20
80 45 -25
81 45 -15
82 35 5
83 32 5
84 30 8
85 28 10
86 26 5
87 25 5
88 25 10
89 23 8
90 20 5
91 20 10
92 27 35
93 25 35
94 25 32
95 22 30
96 20 30
97 20 35
98 18 25
99 15 30
100 15 35
DEMAND_SECTION
1 -1 10 -1 -1 -1 
2 30 30 -1 30 -1 
3 10 -1 10 -1 -1 
4 -1 -1 -1 10 -1 
5 10 10 10 -1 10 
6 20 20 20 -1 20 
7 -1 -1 -1 20 -1 
8 -1 20 -1 20 -1 
9 -1 -1 10 -1 10 
10 10 -1 -1 10 -1 
11 -1 10 10 -1 -1 
12 20 20 20 20 20 
13 30 -1 -1 -1 30 
14 -1 10 -1 -1 -1 
15 -1 40 40 -1 -1 
16 -1 40 -1 -1 40 
17 -1 20 20 -1 -1 
18 20 20 -1 20 -1 
19 -1 -1 -1 -1 10 
20 -1 10 -1 -1 -1 
21 20 20 -1 -1 20 
22 -1 -1 20 -1 20 
23 -1 10 10 10 10 
24 10 -1 10 10 -1 
25 40 40 40 -1 -1 
26 -1 -1 10 -1 10 
27 10 10 -1 10 10 
28 -1 20 -1 20 -1 
29 10 -1 10 -1 10 
30 10 -1 -1 -1 -1 
31 -1 -1 20 20 -1 
32 30 30 30 30 -1 
33 -1 -1 40 40 -1 
34 20 -1 20 -1 20 
35 -1 10 10 -1 -1 
36 10 10 10 -1 -1 
37 20 -1 -1 20 -1 
38 30 -1 -1 30 -1 
39 -1 -1 -1 -1 20 
40 10 -1 -1 -1 -1 
41 -1 -1 -1 -1 10 
42 20 -1 -1 20 -1 
43 10 -1 10 -1 10 
44 10 10 10 -1 10 
45 -1 -1 -1 10 -1 
46 -1 30 30 -1 -1 
47 10 10 -1 10 10 
48 10 -1 -1 10 -1 
49 10 10 10 -1 10 
50 -1 10 10 -1 -1 
51 -1 10 10 -1 -1 
52 -1 10 -1 10 -1 
53 -1 -1 20 -1 20 
54 40 -1 -1 40 40 
55 10 -1 -1 -1 10 
56 -1 30 30 30 -1 
57 40 -1 40 40 40 
58 -1 -1 -1 -1 30 
59 -1 10 -1 -1 -1 
60 -1 20 -1 -1 20 
61 -1 -1 -1 10 -1 
62 20 20 -1 20 20 
63 -1 50 50 50 -1 
64 -1 10 -1 10 -1 
65 -1 10 10 10 10 
66 10 10 10 -1 -1 
67 -1 -1 -1 10 10 
68 10 -1 -1 10 10 
69 10 10 -1 10 10 
70 30 30 30 -1 -1 
71 20 -1 -1 20 20 
72 -1 -1 -1 10 -1 
73 10 -1 10 10 10 
74 -1 -1 -1 50 -1 
75 20 20 20 -1 -1 
76 10 10 -1 -1 10 
77 10 -1 -1 10 10 
78 -1 20 20 20 20 
79 -1 -1 10 10 10 
80 10 -1 -1 10 10 
81 -1 -1 -1 -1 30 
82 20 -1 20 20 -1 
83 -1 -1 -1 10 -1 
84 20 20 -1 20 20 
85 30 -1 30 30 -1 
86 10 -1 -1 10 10 
87 -1 -1 -1 20 20 
88 30 -1 30 -1 -1 
89 -1 10 10 10 10 
90 10 10 -1 10 -1 
91 10 10 10 10 -1 
92 20 -1 -1 -1 -1 
93 -1 -1 40 -1 40 
94 -1 -1 -1 10 -1 
95 30 -1 -1 -1 30 
96 10 10 -1 10 -1 
97 -1 -1 30 30 30 
98 20 -1 -1 20 20 
99 -1 -1 -1 10 -1 
100 20 20 -1 -1 -1 
SVC_TIME_SECTION
1 0 0 0 0 0 
2 0 0 0 0 0 
3 0 0 0 0 0 
4 0 0 0 0 0 
5 0 0 0 0 0 
6 0 0 0 0 0 
7 0 0 0 0 0 
8 0 0 0 0 0 
9 0 0 0 0 0 
10 0 0 0 0 0 
11 0 0 0 0 0 
12 0 0 0 0 0 
13 0 0 0 0 0 
14 0 0 0 0 0 
15 0 0 0 0 0 
16 0 0 0 0 0 
17 0 0 0 0 0 
18 0 0 0 0 0 
19 0 0 0 0 0 
20 0 0 0 0 0 
21 0 0 0 0 0 
22 0 0 0 0 0 
23 0 0 0 0 0 
24 0 0 0 0 0 
25 0 0 0 0 0 
26 0 0 0 0 0 
27 0 0 0 0 0 
28 0 0 0 0 0 
29 0 0 0 0 0 
30 0 0 0 0 0 
31 0 0 0 0 0 
32 0 0 0 0 0 
33 0 0 0 0 0 
34 0 0 0 0 0 
35 0 0 0 0 0 
36 0 0 0 0 0 
37 0 0 0 0 0 
38 0 0 0 0 0 
39 0 0 0 0 0 
40 0 0 0 0 0 
41 0 0 0 0 0 
42 0 0 0 0 0 
43 0 0 0 0 0 
44 0 0 0 0 0 
45 0 0 0 0 0 
46 0 0 0 0 0 
47 0 0 0 0 0 
48 0 0 0 0 0 
49 0 0 0 0 0 
50 0 0 0 0 0 
51 0 0 0 0 0 
52 0 0 0 0 0 
53 0 0 0 0 0 
54 0 0 0 0 0 
55 0 0 0 0 0 
56 0 0 0 0 0 
57 0 0 0 0 0 
58 0 0 0 0 0 
59 0 0 0 0 0 
60 0 0 0 0 0 
61 0 0 0 0 0 
62 0 0 0 0 0 
63 0 0 0 0 0 
64 0 0 0 0 0 
65 0 0 0 0 0 
66 0 0 0 0 0 
67 0 0 0 0 0 
68 0 0 0 0 0 
69 0 0 0 0 0 
70 0 0 0 0 0 
71 0 0 0 0 0 
72 0 0 0 0 0 
73 0 0 0 0 0 
74 0 0 0 0 0 
75 0 0 0 0 0 
76 0 0 0 0 0 
77 0 0 0 0 0 
78 0 0 0 0 0 
79 0 0 0 0 0 
80 0 0 0 0 0 
81 0 0 0 0 0 
82 0 0 0 0 0 
83 0 0 0 0 0 
84 0 0 0 0 0 
85 0 0 0 0 0 
86 0 0 0 0 0 
87 0 0 0 0 0 
88 0 0 0 0 0 
89 0 0 0 0 0 
90 0 0 0 0 0 
91 0 0 0 0 0 
92 0 0 0 0 0 
93 0 0 0 0 0 
94 0 0 0 0 0 
95 0 0 0 0 0 
96 0 0 0 0 0 
97 0 0 0 0 0 
98 0 0 0 0 0 
99 0 0 0 0 0 
100 0 0 0 0 0 
DEPOT_SECTION
0 0
-1
EOF
