NAME: CVRP_BENCHMARK
TYPE: CVRP
COMMENT: none
DIMENSION: 121
NUM_DAYS: 5
CAPACITY: 200
DISTANCE: 1e+07
EDGE_WEIGHT_TYPE: FUNCTION
EDGE_WEIGHT_FORMAT: EUC_2D
NODE_COORD_TYPE: TWOD_COORDS
NODE_COORD_SECTION
1 15 -44
2 15 -42
3 21 -40
4 22 -40
5 21 -38
6 22 -36
7 24 -36
8 36 -36
9 25 -38
10 24 -39
11 25 -40
12 37 -39
13 30 -40
14 29 -42
15 26 -42
16 63 -39
17 63 -37
18 14 -9
19 66 -39
20 66 -35
21 66 -32
22 68 -42
23 68 -36
24 69 -42
25 69 -40
26 69 -34
27 72 -42
28 72 -38
29 80 -30
30 74 -42
31 74 -40
32 74 -36
33 75 -44
34 77 -40
35 75 -37
36 77 -38
37 76 -4
38 76 -1
39 76 1
40 75 10
41 79 -2
42 79 1
43 79 7
44 82 -3
45 82 7
46 84 -3
47 84 -1
48 84 3
49 86 -3
50 89 1
51 89 5
52 73 35
53 73 38
54 75 36
55 75 40
56 75 44
57 77 35
58 77 41
59 80 32
60 80 43
61 83 37
62 83 39
63 83 44
64 84 41
65 85 35
66 89 44
67 27 38
68 40 35
69 25 40
70 25 42
71 34 41
72 36 44
73 36 38
74 36 42
75 36 44
76 38 38
77 40 40
78 40 43
79 44 41
80 44 45
81 0 -10
82 0 -5
83 8 -15
84 7 -10
85 6 -7
86 4 -5
87 5 -3
88 1 -3
89 8 -5
90 11 -6
91 10 -5
92 8 -4
93 10 -1
94 12 -1
95 6 0
96 10 0
97 15 0
98 20 10
99 10 5
100 12 6
101 8 4
102 6 3
103 10 10
104 8 8
105 4 5
106 5 6
107 6 9
108 18 -12
109 23 -7
110 20 5
111 3 -5
112 5 -9
113 8 -14
114 15 -8
115 20 1
116 15 7
117 6 -12
118 15 -10
119 -5 -5
120 -5 5
DEMAND_SECTION
1 25 25 25 25 -1 
2 7 7 7 7 7 
3 13 13 13 13 -1 
4 -1 6 6 6 6 
5 14 14 14 14 14 
6 5 5 5 -1 5 
7 11 11 11 11 11 
8 19 19 -1 19 19 
9 5 5 5 5 5 
10 15 15 -1 15 -1 
11 15 15 15 15 15 
12 -1 -1 -1 -1 -1 
13 13 -1 -1 13 13 
14 12 12 12 12 12 
15 18 18 18 -1 -1 
16 13 13 13 13 13 
17 18 18 18 18 18 
18 12 12 12 12 12 
19 -1 17 17 17 17 
20 -1 4 4 4 -1 
21 7 7 -1 -1 7 
22 12 12 12 12 12 
23 13 13 13 13 13 
24 8 8 8 8 -1 
25 16 16 16 16 -1 
26 -1 15 15 15 15 
27 6 6 6 6 6 
28 5 5 5 5 5 
29 9 -1 9 9 9 
30 11 11 11 11 -1 
31 10 10 10 10 10 
32 3 3 3 3 3 
33 7 7 7 7 -1 
34 2 2 2 -1 2 
35 4 4 4 -1 4 
36 4 4 4 -1 4 
37 18 18 18 18 18 
38 14 14 14 14 -1 
39 12 12 12 12 12 
40 17 17 -1 17 17 
41 -1 20 -1 -1 20 
42 14 14 14 14 14 
43 16 16 16 16 16 
44 10 10 10 10 10 
45 9 9 9 -1 9 
46 11 11 11 11 11 
47 -1 7 7 7 7 
48 13 13 13 13 13 
49 5 5 5 5 5 
50 4 4 4 4 4 
51 21 21 21 21 21 
52 13 13 13 13 13 
53 -1 11 11 11 11 
54 12 12 12 12 12 
55 14 14 14 14 14 
56 10 10 10 10 10 
57 -1 8 8 8 8 
58 16 -1 -1 16 16 
59 19 19 19 19 -1 
60 -1 5 5 5 5 
61 17 -1 -1 17 17 
62 7 7 7 7 7 
63 16 16 16 16 16 
64 14 14 14 14 14 
65 17 17 17 17 17 
66 13 13 13 13 -1 
67 -1 17 17 17 17 
68 13 13 13 13 13 
69 14 14 14 14 14 
70 16 16 16 16 -1 
71 7 7 7 7 7 
72 13 13 13 13 13 
73 9 9 9 9 9 
74 11 11 11 -1 11 
75 35 35 35 35 35 
76 5 5 5 5 5 
77 28 28 -1 28 28 
78 7 7 7 7 7 
79 3 3 3 3 3 
80 10 10 10 10 10 
81 7 7 7 7 7 
82 12 12 12 12 12 
83 11 11 11 11 11 
84 10 10 10 -1 10 
85 8 8 8 8 8 
86 11 11 11 11 11 
87 21 21 21 21 21 
88 4 4 4 4 4 
89 15 15 15 15 15 
90 16 16 16 16 16 
91 4 4 4 4 4 
92 16 16 16 16 -1 
93 7 7 7 7 7 
94 10 10 10 10 10 
95 9 9 9 9 9 
96 11 11 11 11 11 
97 17 17 17 17 17 
98 12 12 12 12 12 
99 11 11 11 11 11 
100 7 7 7 7 7 
101 9 9 -1 9 9 
102 11 11 11 11 -1 
103 12 -1 12 -1 12 
104 7 -1 7 7 7 
105 8 -1 -1 8 8 
106 6 6 6 6 6 
107 5 5 5 5 5 
108 12 12 12 12 12 
109 13 13 13 13 13 
110 7 7 7 7 7 
111 7 7 7 7 7 
112 8 8 8 8 8 
113 11 11 11 11 11 
114 13 13 13 13 -1 
115 11 11 11 11 11 
116 10 10 -1 10 10 
117 7 7 -1 -1 7 
118 4 4 4 4 4 
119 -1 20 20 -1 20 
120 13 13 13 -1 13 
SVC_TIME_SECTION
1 0 0 0 0 0 
2 0 0 0 0 0 
3 0 0 0 0 0 
4 0 0 0 0 0 
5 0 0 0 0 0 
6 0 0 0 0 0 
7 0 0 0 0 0 
8 0 0 0 0 0 
9 0 0 0 0 0 
10 0 0 0 0 0 
11 0 0 0 0 0 
12 0 0 0 0 0 
13 0 0 0 0 0 
14 0 0 0 0 0 
15 0 0 0 0 0 
16 0 0 0 0 0 
17 0 0 0 0 0 
18 0 0 0 0 0 
19 0 0 0 0 0 
20 0 0 0 0 0 
21 0 0 0 0 0 
22 0 0 0 0 0 
23 0 0 0 0 0 
24 0 0 0 0 0 
25 0 0 0 0 0 
26 0 0 0 0 0 
27 0 0 0 0 0 
28 0 0 0 0 0 
29 0 0 0 0 0 
30 0 0 0 0 0 
31 0 0 0 0 0 
32 0 0 0 0 0 
33 0 0 0 0 0 
34 0 0 0 0 0 
35 0 0 0 0 0 
36 0 0 0 0 0 
37 0 0 0 0 0 
38 0 0 0 0 0 
39 0 0 0 0 0 
40 0 0 0 0 0 
41 0 0 0 0 0 
42 0 0 0 0 0 
43 0 0 0 0 0 
44 0 0 0 0 0 
45 0 0 0 0 0 
46 0 0 0 0 0 
47 0 0 0 0 0 
48 0 0 0 0 0 
49 0 0 0 0 0 
50 0 0 0 0 0 
51 0 0 0 0 0 
52 0 0 0 0 0 
53 0 0 0 0 0 
54 0 0 0 0 0 
55 0 0 0 0 0 
56 0 0 0 0 0 
57 0 0 0 0 0 
58 0 0 0 0 0 
59 0 0 0 0 0 
60 0 0 0 0 0 
61 0 0 0 0 0 
62 0 0 0 0 0 
63 0 0 0 0 0 
64 0 0 0 0 0 
65 0 0 0 0 0 
66 0 0 0 0 0 
67 0 0 0 0 0 
68 0 0 0 0 0 
69 0 0 0 0 0 
70 0 0 0 0 0 
71 0 0 0 0 0 
72 0 0 0 0 0 
73 0 0 0 0 0 
74 0 0 0 0 0 
75 0 0 0 0 0 
76 0 0 0 0 0 
77 0 0 0 0 0 
78 0 0 0 0 0 
79 0 0 0 0 0 
80 0 0 0 0 0 
81 0 0 0 0 0 
82 0 0 0 0 0 
83 0 0 0 0 0 
84 0 0 0 0 0 
85 0 0 0 0 0 
86 0 0 0 0 0 
87 0 0 0 0 0 
88 0 0 0 0 0 
89 0 0 0 0 0 
90 0 0 0 0 0 
91 0 0 0 0 0 
92 0 0 0 0 0 
93 0 0 0 0 0 
94 0 0 0 0 0 
95 0 0 0 0 0 
96 0 0 0 0 0 
97 0 0 0 0 0 
98 0 0 0 0 0 
99 0 0 0 0 0 
100 0 0 0 0 0 
101 0 0 0 0 0 
102 0 0 0 0 0 
103 0 0 0 0 0 
104 0 0 0 0 0 
105 0 0 0 0 0 
106 0 0 0 0 0 
107 0 0 0 0 0 
108 0 0 0 0 0 
109 0 0 0 0 0 
110 0 0 0 0 0 
111 0 0 0 0 0 
112 0 0 0 0 0 
113 0 0 0 0 0 
114 0 0 0 0 0 
115 0 0 0 0 0 
116 0 0 0 0 0 
117 0 0 0 0 0 
118 0 0 0 0 0 
119 0 0 0 0 0 
120 0 0 0 0 0 
DEPOT_SECTION
0 0
-1
EOF
