NAME: CVRP_BENCHMARK
TYPE: CVRP
COMMENT: none
DIMENSION: 51
NUM_DAYS: 5
CAPACITY: 160
DISTANCE: 200
EDGE_WEIGHT_TYPE: FUNCTION
EDGE_WEIGHT_FORMAT: EUC_2D
NODE_COORD_TYPE: TWOD_COORDS
NODE_COORD_SECTION
1 7 12
2 19 9
3 22 24
4 -10 -14
5 10 -10
6 -9 7
7 -13 23
8 1 22
9 22 -7
10 21 -19
11 12 1
12 1 -8
13 -25 -15
14 -18 2
15 6 -24
16 22 1
17 -3 -17
18 -13 -7
19 -17 -27
20 27 18
21 32 2
22 12 17
23 -14 17
24 -22 12
25 -23 -2
26 -3 28
27 0 8
28 13 27
29 28 8
30 28 -13
31 7 29
32 8 6
33 16 -30
34 31 -7
35 32 23
36 33 29
37 2 -18
38 15 -5
39 29 -25
40 -25 -34
41 -20 -23
42 -9 -30
43 -25 24
44 0 -25
45 9 -30
46 2 -1
47 -5 -8
48 -5 15
49 18 -12
50 26 -3
DEMAND_SECTION
1 7 7 7 7 -1 
2 30 30 30 30 30 
3 16 16 16 16 -1 
4 -1 9 9 9 9 
5 21 21 21 21 21 
6 15 15 15 -1 15 
7 19 19 19 19 19 
8 23 23 -1 23 23 
9 11 11 11 11 11 
10 5 5 -1 5 -1 
11 19 19 19 19 19 
12 29 29 29 29 29 
13 23 -1 -1 23 23 
14 21 21 21 21 21 
15 10 10 10 -1 -1 
16 15 15 15 15 15 
17 3 3 3 3 3 
18 41 41 41 41 41 
19 -1 9 9 9 9 
20 -1 -1 -1 -1 -1 
21 8 8 -1 -1 8 
22 8 8 8 8 8 
23 16 16 16 16 16 
24 10 10 10 10 -1 
25 28 28 28 28 -1 
26 -1 7 7 7 7 
27 15 15 15 15 15 
28 14 14 14 14 14 
29 6 -1 6 6 6 
30 19 19 19 19 -1 
31 11 11 11 11 11 
32 12 12 12 12 12 
33 23 23 23 23 -1 
34 26 26 26 -1 26 
35 17 17 17 -1 17 
36 6 6 6 -1 6 
37 9 9 9 9 9 
38 15 15 15 15 -1 
39 14 14 14 14 14 
40 7 7 -1 7 7 
41 -1 27 -1 -1 27 
42 13 13 13 13 13 
43 11 11 11 11 11 
44 16 16 16 16 16 
45 10 10 10 -1 10 
46 5 5 5 5 5 
47 -1 25 25 25 25 
48 17 17 17 17 17 
49 18 18 18 18 18 
50 10 10 10 10 10 
SVC_TIME_SECTION
1 10 10 10 10 0 
2 10 10 10 10 10 
3 10 10 10 10 0 
4 0 10 10 10 10 
5 10 10 10 10 10 
6 10 10 10 0 10 
7 10 10 10 10 10 
8 10 10 0 10 10 
9 10 10 10 10 10 
10 10 10 0 10 0 
11 10 10 10 10 10 
12 10 10 10 10 10 
13 10 0 0 10 10 
14 10 10 10 10 10 
15 10 10 10 0 0 
16 10 10 10 10 10 
17 10 10 10 10 10 
18 10 10 10 10 10 
19 0 10 10 10 10 
20 0 0 0 0 0 
21 10 10 0 0 10 
22 10 10 10 10 10 
23 10 10 10 10 10 
24 10 10 10 10 0 
25 10 10 10 10 0 
26 0 10 10 10 10 
27 10 10 10 10 10 
28 10 10 10 10 10 
29 10 0 10 10 10 
30 10 10 10 10 0 
31 10 10 10 10 10 
32 10 10 10 10 10 
33 10 10 10 10 0 
34 10 10 10 0 10 
35 10 10 10 0 10 
36 10 10 10 0 10 
37 10 10 10 10 10 
38 10 10 10 10 0 
39 10 10 10 10 10 
40 10 10 0 10 10 
41 0 10 0 0 10 
42 10 10 10 10 10 
43 10 10 10 10 10 
44 10 10 10 10 10 
45 10 10 10 0 10 
46 10 10 10 10 10 
47 0 10 10 10 10 
48 10 10 10 10 10 
49 10 10 10 10 10 
50 10 10 10 10 10 
DEPOT_SECTION
0 0
-1
EOF
