NAME: CVRP_BENCHMARK
TYPE: CVRP
COMMENT: none
DIMENSION: 76
NUM_DAYS: 5
CAPACITY: 140
DISTANCE: 160
EDGE_WEIGHT_TYPE: FUNCTION
EDGE_WEIGHT_FORMAT: EUC_2D
NODE_COORD_TYPE: TWOD_COORDS
NODE_COORD_SECTION
1 -18 -18
2 -4 -14
3 -19 5
4 5 -5
5 15 -20
6 -7 -6
7 10 10
8 15 5
9 -14 19
10 0 26
11 15 25
12 -5 11
13 22 -5
14 22 17
15 22 -16
16 -19 -4
17 -7 4
18 -31 16
19 22 8
20 26 -26
21 4 -27
22 -14 -27
23 -29 -12
24 -33 3
25 -23 24
26 1 6
27 15 -6
28 -5 -24
29 12 -14
30 3 -14
31 -9 36
32 -18 13
33 -14 -11
34 10 0
35 15 10
36 14 -30
37 20 -25
38 7 26
39 -10 20
40 -10 10
41 -28 -23
42 -25 -26
43 -24 -21
44 -19 8
45 10 -10
46 11 2
47 10 -25
48 8 -19
49 -28 -2
50 -25 16
51 -11 -1
52 14 -2
53 15 17
54 27 1
55 -30 30
56 -34 -15
57 25 -13
58 0 20
59 30 24
60 24 -36
61 -4 -34
62 -10 -20
63 -20 -10
64 -25 -35
65 10 30
66 17 32
67 5 2
68 -2 -7
69 10 -36
70 26 -32
71 19 -35
72 -5 20
73 -13 -16
74 0 -20
75 0 -3
DEMAND_SECTION
1 18 18 18 18 -1 
2 26 26 26 26 26 
3 11 11 11 11 -1 
4 -1 30 30 30 30 
5 21 21 21 21 21 
6 19 19 19 -1 19 
7 15 15 15 15 15 
8 16 16 -1 16 16 
9 29 29 29 29 29 
10 26 26 -1 26 -1 
11 37 37 37 37 37 
12 16 16 16 16 16 
13 12 -1 -1 12 12 
14 31 31 31 31 31 
15 8 8 8 -1 -1 
16 19 19 19 19 19 
17 20 20 20 20 20 
18 13 13 13 13 13 
19 -1 15 15 15 15 
20 -1 22 22 22 -1 
21 28 28 -1 -1 28 
22 12 12 12 12 12 
23 6 6 6 6 6 
24 27 27 27 27 -1 
25 14 14 14 14 -1 
26 -1 18 18 18 18 
27 17 17 17 17 17 
28 29 29 29 29 29 
29 13 -1 13 13 13 
30 22 22 22 22 -1 
31 25 25 25 25 25 
32 28 28 28 28 28 
33 27 27 27 27 -1 
34 19 19 19 -1 19 
35 10 10 10 -1 10 
36 12 12 12 -1 12 
37 14 14 14 14 14 
38 24 24 24 24 -1 
39 16 16 16 16 16 
40 33 33 -1 33 33 
41 -1 15 -1 -1 15 
42 11 11 11 11 11 
43 18 18 18 18 18 
44 17 17 17 17 17 
45 21 21 21 -1 21 
46 27 27 27 27 27 
47 -1 19 19 19 19 
48 20 20 20 20 20 
49 5 5 5 5 5 
50 22 22 22 22 22 
51 12 12 12 12 12 
52 19 19 19 19 19 
53 -1 22 22 22 22 
54 16 16 16 16 16 
55 7 7 7 7 7 
56 26 26 26 26 26 
57 -1 14 14 14 14 
58 21 -1 -1 21 21 
59 24 24 24 24 -1 
60 -1 13 13 13 13 
61 15 -1 -1 15 15 
62 18 18 18 18 18 
63 11 11 11 11 11 
64 28 28 28 28 28 
65 9 9 9 9 9 
66 37 37 37 37 -1 
67 -1 30 30 30 30 
68 10 10 10 10 10 
69 8 8 8 8 8 
70 11 11 11 11 -1 
71 3 3 3 3 3 
72 1 1 1 1 1 
73 6 6 6 6 6 
74 10 10 10 -1 10 
75 20 20 20 20 20 
SVC_TIME_SECTION
1 10 10 10 10 0 
2 10 10 10 10 10 
3 10 10 10 10 0 
4 0 10 10 10 10 
5 10 10 10 10 10 
6 10 10 10 0 10 
7 10 10 10 10 10 
8 10 10 0 10 10 
9 10 10 10 10 10 
10 10 10 0 10 0 
11 10 10 10 10 10 
12 10 10 10 10 10 
13 10 0 0 10 10 
14 10 10 10 10 10 
15 10 10 10 0 0 
16 10 10 10 10 10 
17 10 10 10 10 10 
18 10 10 10 10 10 
19 0 10 10 10 10 
20 0 10 10 10 0 
21 10 10 0 0 10 
22 10 10 10 10 10 
23 10 10 10 10 10 
24 10 10 10 10 0 
25 10 10 10 10 0 
26 0 10 10 10 10 
27 10 10 10 10 10 
28 10 10 10 10 10 
29 10 0 10 10 10 
30 10 10 10 10 0 
31 10 10 10 10 10 
32 10 10 10 10 10 
33 10 10 10 10 0 
34 10 10 10 0 10 
35 10 10 10 0 10 
36 10 10 10 0 10 
37 10 10 10 10 10 
38 10 10 10 10 0 
39 10 10 10 10 10 
40 10 10 0 10 10 
41 0 10 0 0 10 
42 10 10 10 10 10 
43 10 10 10 10 10 
44 10 10 10 10 10 
45 10 10 10 0 10 
46 10 10 10 10 10 
47 0 10 10 10 10 
48 10 10 10 10 10 
49 10 10 10 10 10 
50 10 10 10 10 10 
51 10 10 10 10 10 
52 10 10 10 10 10 
53 0 10 10 10 10 
54 10 10 10 10 10 
55 10 10 10 10 10 
56 10 10 10 10 10 
57 0 10 10 10 10 
58 10 0 0 10 10 
59 10 10 10 10 0 
60 0 10 10 10 10 
61 10 0 0 10 10 
62 10 10 10 10 10 
63 10 10 10 10 10 
64 10 10 10 10 10 
65 10 10 10 10 10 
66 10 10 10 10 0 
67 0 10 10 10 10 
68 10 10 10 10 10 
69 10 10 10 10 10 
70 10 10 10 10 0 
71 10 10 10 10 10 
72 10 10 10 10 10 
73 10 10 10 10 10 
74 10 10 10 0 10 
75 10 10 10 10 10 
DEPOT_SECTION
0 0
-1
EOF
