NAME: CVRP_BENCHMARK
TYPE: CVRP
COMMENT: none
DIMENSION: 101
NUM_DAYS: 5
CAPACITY: 200
DISTANCE: 230
EDGE_WEIGHT_TYPE: FUNCTION
EDGE_WEIGHT_FORMAT: EUC_2D
NODE_COORD_TYPE: TWOD_COORDS
NODE_COORD_SECTION
1 6 14
2 0 -18
3 20 10
4 20 -15
5 -20 -5
6 -10 -5
7 -15 15
8 -25 8
9 20 25
10 -5 25
11 -15 30
12 15 0
13 -5 -10
14 -20 -25
15 -5 -30
16 -25 -15
17 -30 -5
18 -15 5
19 -20 25
20 10 30
21 10 -15
22 10 -25
23 20 -30
24 30 0
25 30 -15
26 10 -5
27 0 5
28 6 2
29 29 7
30 5 25
31 -4 17
32 0 34
33 18 17
34 30 20
35 28 30
36 -33 25
37 -15 -15
38 -30 -30
39 25 -23
40 5 -10
41 7 -28
42 -11 -23
43 -12 -32
44 -24 -21
45 -29 3
46 -33 13
47 -27 21
48 -22 17
49 -29 33
50 12 12
51 14 23
52 -8 8
53 2 -4
54 22 -6
55 28 -12
56 18 -23
57 -3 -23
58 1 -9
59 -14 -11
60 -18 -1
61 -23 -11
62 -11 23
63 -8 34
64 -20 42
65 27 42
66 14 38
67 32 -30
68 21 4
69 2 12
70 2 21
71 22 33
72 12 -19
73 9 -18
74 11 -22
75 14 -24
76 14 7
77 18 8
78 26 17
79 22 13
80 21 2
81 20 19
82 -20 12
83 -21 2
84 -24 -4
85 -19 -13
86 -31 -17
87 -7 -17
88 -9 17
89 -9 0
90 -4 32
91 -20 -16
92 -13 -13
93 -17 -11
94 -9 -8
95 -10 -11
96 -13 -8
97 -10 -14
98 -16 -14
99 -15 -9
100 -17 -17
DEMAND_SECTION
1 -1 10 -1 -1 -1 
2 7 7 -1 7 -1 
3 13 -1 13 -1 -1 
4 -1 -1 -1 19 -1 
5 26 26 26 -1 26 
6 3 3 3 -1 3 
7 -1 -1 -1 5 -1 
8 -1 9 -1 9 -1 
9 -1 -1 16 -1 16 
10 16 -1 -1 16 -1 
11 -1 12 12 -1 -1 
12 19 19 19 19 19 
13 23 -1 -1 -1 23 
14 -1 20 -1 -1 -1 
15 -1 8 8 -1 -1 
16 -1 19 -1 -1 19 
17 -1 2 2 -1 -1 
18 12 12 -1 12 -1 
19 -1 -1 -1 -1 17 
20 -1 9 -1 -1 -1 
21 11 11 -1 -1 11 
22 -1 -1 18 -1 18 
23 -1 29 29 29 29 
24 3 -1 3 3 -1 
25 6 6 6 -1 -1 
26 -1 -1 17 -1 17 
27 16 16 -1 16 16 
28 -1 16 -1 16 -1 
29 9 -1 9 -1 9 
30 21 -1 -1 -1 -1 
31 -1 -1 27 27 -1 
32 23 23 23 23 -1 
33 -1 -1 11 11 -1 
34 14 -1 14 -1 14 
35 -1 8 8 -1 -1 
36 5 5 5 -1 -1 
37 8 -1 -1 8 -1 
38 16 -1 -1 16 -1 
39 -1 -1 -1 -1 31 
40 9 -1 -1 -1 -1 
41 -1 -1 -1 -1 5 
42 5 -1 -1 5 -1 
43 7 -1 7 -1 7 
44 18 18 18 -1 18 
45 -1 -1 -1 16 -1 
46 -1 1 1 -1 -1 
47 27 27 -1 27 27 
48 36 -1 -1 36 -1 
49 30 30 30 -1 30 
50 -1 13 13 -1 -1 
51 -1 10 10 -1 -1 
52 -1 9 -1 9 -1 
53 -1 -1 14 -1 14 
54 18 -1 -1 18 18 
55 2 -1 -1 -1 2 
56 -1 6 6 6 -1 
57 7 -1 7 7 7 
58 -1 -1 -1 -1 18 
59 -1 28 -1 -1 -1 
60 -1 3 -1 -1 3 
61 -1 -1 -1 13 -1 
62 19 19 -1 19 19 
63 -1 10 10 10 -1 
64 -1 9 -1 9 -1 
65 -1 20 20 20 20 
66 25 25 25 -1 -1 
67 -1 -1 -1 25 25 
68 36 -1 -1 36 36 
69 6 6 -1 6 6 
70 5 5 5 -1 -1 
71 15 -1 -1 15 15 
72 -1 -1 -1 25 -1 
73 9 -1 9 9 9 
74 -1 -1 -1 8 -1 
75 18 18 18 -1 -1 
76 13 13 -1 -1 13 
77 14 -1 -1 14 14 
78 -1 3 3 3 3 
79 -1 -1 23 23 23 
80 6 -1 -1 6 6 
81 -1 -1 -1 -1 26 
82 16 -1 16 16 -1 
83 -1 -1 -1 11 -1 
84 7 7 -1 7 7 
85 41 -1 41 41 -1 
86 35 -1 -1 35 35 
87 -1 -1 -1 26 26 
88 9 -1 9 -1 -1 
89 -1 15 15 15 15 
90 3 3 -1 3 -1 
91 1 1 1 1 -1 
92 2 -1 -1 -1 -1 
93 -1 -1 22 -1 22 
94 -1 -1 -1 27 -1 
95 20 -1 -1 -1 20 
96 11 11 -1 11 -1 
97 -1 -1 12 12 12 
98 10 -1 -1 10 10 
99 -1 -1 -1 9 -1 
100 17 17 -1 -1 -1 
SVC_TIME_SECTION
1 0 10 0 0 0 
2 10 10 0 10 0 
3 10 0 10 0 0 
4 0 0 0 10 0 
5 10 10 10 0 10 
6 10 10 10 0 10 
7 0 0 0 10 0 
8 0 10 0 10 0 
9 0 0 10 0 10 
10 10 0 0 10 0 
11 0 10 10 0 0 
12 10 10 10 10 10 
13 10 0 0 0 10 
14 0 10 0 0 0 
15 0 10 10 0 0 
16 0 10 0 0 10 
17 0 10 10 0 0 
18 10 10 0 10 0 
19 0 0 0 0 10 
20 0 10 0 0 0 
21 10 10 0 0 10 
22 0 0 10 0 10 
23 0 10 10 10 10 
24 10 0 10 10 0 
25 10 10 10 0 0 
26 0 0 10 0 10 
27 10 10 0 10 10 
28 0 10 0 10 0 
29 10 0 10 0 10 
30 10 0 0 0 0 
31 0 0 10 10 0 
32 10 10 10 10 0 
33 0 0 10 10 0 
34 10 0 10 0 10 
35 0 10 10 0 0 
36 10 10 10 0 0 
37 10 0 0 10 0 
38 10 0 0 10 0 
39 0 0 0 0 10 
40 10 0 0 0 0 
41 0 0 0 0 10 
42 10 0 0 10 0 
43 10 0 10 0 10 
44 10 10 10 0 10 
45 0 0 0 10 0 
46 0 10 10 0 0 
47 10 10 0 10 10 
48 10 0 0 10 0 
49 10 10 10 0 10 
50 0 10 10 0 0 
51 0 10 10 0 0 
52 0 10 0 10 0 
53 0 0 10 0 10 
54 10 0 0 10 10 
55 10 0 0 0 10 
56 0 10 10 10 0 
57 10 0 10 10 10 
58 0 0 0 0 10 
59 0 10 0 0 0 
60 0 10 0 0 10 
61 0 0 0 10 0 
62 10 10 0 10 10 
63 0 10 10 10 0 
64 0 10 0 10 0 
65 0 10 10 10 10 
66 10 10 10 0 0 
67 0 0 0 10 10 
68 10 0 0 10 10 
69 10 10 0 10 10 
70 10 10 10 0 0 
71 10 0 0 10 10 
72 0 0 0 10 0 
73 10 0 10 10 10 
74 0 0 0 10 0 
75 10 10 10 0 0 
76 10 10 0 0 10 
77 10 0 0 10 10 
78 0 10 10 10 10 
79 0 0 10 10 10 
80 10 0 0 10 10 
81 0 0 0 0 10 
82 10 0 10 10 0 
83 0 0 0 10 0 
84 10 10 0 10 10 
85 10 0 10 10 0 
86 10 0 0 10 10 
87 0 0 0 10 10 
88 10 0 10 0 0 
89 0 10 10 10 10 
90 10 10 0 10 0 
91 10 10 10 10 0 
92 10 0 0 0 0 
93 0 0 10 0 10 
94 0 0 0 10 0 
95 10 0 0 0 10 
96 10 10 0 10 0 
97 0 0 10 10 10 
98 10 0 0 10 10 
99 0 0 0 10 0 
100 10 10 0 0 0 
DEPOT_SECTION
0 0
-1
EOF
