NAME: CVRP_BENCHMARK
TYPE: CVRP
COMMENT: none
DIMENSION: 151
NUM_DAYS: 5
CAPACITY: 200
DISTANCE: 200
EDGE_WEIGHT_TYPE: FUNCTION
EDGE_WEIGHT_FORMAT: EUC_2D
NODE_COORD_TYPE: TWOD_COORDS
NODE_COORD_SECTION
1 2 17
2 14 14
3 17 29
4 -15 -9
5 5 -5
6 -14 12
7 -18 28
8 -4 27
9 17 -2
10 16 -14
11 7 6
12 -4 -3
13 -30 -10
14 -23 7
15 1 -19
16 17 6
17 -8 -12
18 -18 -2
19 -22 -22
20 22 23
21 27 7
22 7 22
23 -19 22
24 -27 17
25 -28 3
26 -8 33
27 -5 13
28 8 32
29 23 13
30 23 -8
31 2 34
32 3 11
33 11 -25
34 26 -2
35 27 28
36 28 34
37 -3 -13
38 10 0
39 24 -20
40 -30 -29
41 -25 -18
42 -14 -25
43 -30 29
44 -5 -20
45 4 -25
46 -3 4
47 -10 -3
48 -10 20
49 13 -7
50 21 2
51 6 14
52 0 -18
53 20 10
54 20 -15
55 -20 -5
56 -10 -5
57 -15 15
58 -25 8
59 20 25
60 -5 25
61 -15 30
62 15 0
63 -5 -10
64 -20 -25
65 -5 -30
66 -25 -15
67 -30 -5
68 -15 5
69 -20 25
70 10 30
71 10 -15
72 10 -25
73 20 -30
74 30 0
75 30 -15
76 10 -5
77 0 5
78 6 2
79 29 7
80 5 25
81 -4 17
82 0 34
83 18 17
84 30 20
85 28 30
86 -33 25
87 -15 -15
88 -30 -30
89 25 -23
90 5 -10
91 7 -28
92 -11 -23
93 -12 -32
94 -24 -21
95 -29 3
96 -33 13
97 -27 21
98 -22 17
99 -29 33
100 12 12
101 14 23
102 -8 8
103 2 -4
104 22 -6
105 28 -12
106 18 -23
107 -3 -23
108 1 -9
109 -14 -11
110 -18 -1
111 -23 -11
112 -11 23
113 -8 34
114 -20 42
115 27 42
116 14 38
117 32 -30
118 21 4
119 2 12
120 2 21
121 22 33
122 12 -19
123 9 -18
124 11 -22
125 14 -24
126 14 7
127 18 8
128 26 17
129 22 13
130 21 2
131 20 19
132 -20 12
133 -21 2
134 -24 -4
135 -19 -13
136 -31 -17
137 -7 -17
138 -9 17
139 -9 0
140 -4 32
141 -20 -16
142 -13 -13
143 -17 -11
144 -9 -8
145 -10 -11
146 -13 -8
147 -10 -14
148 -16 -14
149 -15 -9
150 -17 -17
DEMAND_SECTION
1 7 7 7 7 -1 
2 30 30 30 30 30 
3 16 16 16 16 -1 
4 -1 9 9 9 9 
5 21 21 21 21 21 
6 15 15 15 -1 15 
7 19 19 19 19 19 
8 23 23 -1 23 23 
9 11 11 11 11 11 
10 5 5 -1 5 -1 
11 19 19 19 19 19 
12 29 29 29 29 29 
13 23 -1 -1 23 23 
14 21 21 21 21 21 
15 10 10 10 -1 -1 
16 15 15 15 15 15 
17 3 3 3 3 3 
18 41 41 41 41 41 
19 -1 9 9 9 9 
20 -1 28 28 28 -1 
21 8 8 -1 -1 8 
22 8 8 8 8 8 
23 16 16 16 16 16 
24 10 10 10 10 -1 
25 28 28 28 28 -1 
26 -1 7 7 7 7 
27 15 15 15 15 15 
28 14 14 14 14 14 
29 6 -1 6 6 6 
30 19 19 19 19 -1 
31 11 11 11 11 11 
32 12 12 12 12 12 
33 23 23 23 23 -1 
34 26 26 26 -1 26 
35 17 17 17 -1 17 
36 6 6 6 -1 6 
37 9 9 9 9 9 
38 15 15 15 15 -1 
39 14 14 14 14 14 
40 7 7 -1 7 7 
41 -1 27 -1 -1 27 
42 13 13 13 13 13 
43 11 11 11 11 11 
44 16 16 16 16 16 
45 10 10 10 -1 10 
46 5 5 5 5 5 
47 -1 25 25 25 25 
48 17 17 17 17 17 
49 18 18 18 18 18 
50 10 10 10 10 10 
51 10 10 10 10 10 
52 7 7 7 7 7 
53 -1 13 13 13 13 
54 19 19 19 19 19 
55 26 26 26 26 26 
56 3 3 3 3 3 
57 -1 5 5 5 5 
58 9 -1 -1 9 9 
59 16 16 16 16 -1 
60 -1 16 16 16 16 
61 12 -1 -1 12 12 
62 19 19 19 19 19 
63 23 23 23 23 23 
64 20 20 20 20 20 
65 8 8 8 8 8 
66 19 19 19 19 -1 
67 -1 2 2 2 2 
68 12 12 12 12 12 
69 17 17 17 17 17 
70 9 9 9 9 -1 
71 11 11 11 11 11 
72 18 18 18 18 18 
73 29 29 29 29 29 
74 3 3 3 -1 3 
75 6 6 6 6 6 
76 17 17 17 17 17 
77 16 16 -1 16 16 
78 16 16 16 16 16 
79 9 9 9 9 9 
80 21 21 21 21 21 
81 27 27 27 27 27 
82 23 23 23 23 23 
83 11 11 11 11 11 
84 14 14 14 -1 14 
85 8 8 8 8 8 
86 5 5 5 5 5 
87 8 8 8 8 8 
88 16 16 16 16 16 
89 31 31 31 31 31 
90 9 9 9 9 9 
91 5 5 5 5 5 
92 5 5 5 5 -1 
93 7 7 7 7 7 
94 18 18 18 18 18 
95 16 16 16 16 16 
96 1 1 1 1 1 
97 27 27 27 27 27 
98 36 36 36 36 36 
99 30 30 30 30 30 
100 13 13 13 13 13 
101 10 10 -1 10 10 
102 9 9 9 9 -1 
103 14 -1 14 -1 14 
104 18 -1 18 18 18 
105 2 -1 -1 2 2 
106 6 6 6 6 6 
107 7 7 7 7 7 
108 18 18 18 18 18 
109 28 28 28 28 28 
110 3 3 3 3 3 
111 13 13 13 13 13 
112 19 19 19 19 19 
113 10 10 10 10 10 
114 9 9 9 9 -1 
115 20 20 20 20 20 
116 25 25 -1 25 25 
117 25 25 -1 -1 25 
118 36 36 36 36 36 
119 -1 6 6 -1 6 
120 5 5 5 -1 5 
121 15 -1 15 15 15 
122 25 25 25 25 25 
123 9 -1 9 9 9 
124 8 8 8 8 8 
125 18 18 18 18 18 
126 13 13 13 13 -1 
127 14 14 14 -1 14 
128 3 3 3 3 -1 
129 23 23 23 23 23 
130 6 6 6 -1 6 
131 26 26 26 -1 26 
132 16 16 16 16 16 
133 11 11 -1 11 11 
134 7 7 7 -1 7 
135 41 41 41 41 41 
136 35 35 -1 35 35 
137 26 26 26 26 26 
138 -1 9 9 9 9 
139 15 15 15 15 15 
140 3 3 3 3 3 
141 -1 1 1 1 1 
142 2 2 2 2 2 
143 22 22 22 22 22 
144 -1 27 -1 27 27 
145 20 20 20 20 20 
146 -1 11 11 11 11 
147 12 12 12 12 -1 
148 10 10 10 10 10 
149 9 9 9 9 9 
150 17 17 17 17 17 
SVC_TIME_SECTION
1 10 10 10 10 0 
2 10 10 10 10 10 
3 10 10 10 10 0 
4 0 10 10 10 10 
5 10 10 10 10 10 
6 10 10 10 0 10 
7 10 10 10 10 10 
8 10 10 0 10 10 
9 10 10 10 10 10 
10 10 10 0 10 0 
11 10 10 10 10 10 
12 10 10 10 10 10 
13 10 0 0 10 10 
14 10 10 10 10 10 
15 10 10 10 0 0 
16 10 10 10 10 10 
17 10 10 10 10 10 
18 10 10 10 10 10 
19 0 10 10 10 10 
20 0 10 10 10 0 
21 10 10 0 0 10 
22 10 10 10 10 10 
23 10 10 10 10 10 
24 10 10 10 10 0 
25 10 10 10 10 0 
26 0 10 10 10 10 
27 10 10 10 10 10 
28 10 10 10 10 10 
29 10 0 10 10 10 
30 10 10 10 10 0 
31 10 10 10 10 10 
32 10 10 10 10 10 
33 10 10 10 10 0 
34 10 10 10 0 10 
35 10 10 10 0 10 
36 10 10 10 0 10 
37 10 10 10 10 10 
38 10 10 10 10 0 
39 10 10 10 10 10 
40 10 10 0 10 10 
41 0 10 0 0 10 
42 10 10 10 10 10 
43 10 10 10 10 10 
44 10 10 10 10 10 
45 10 10 10 0 10 
46 10 10 10 10 10 
47 0 10 10 10 10 
48 10 10 10 10 10 
49 10 10 10 10 10 
50 10 10 10 10 10 
51 10 10 10 10 10 
52 10 10 10 10 10 
53 0 10 10 10 10 
54 10 10 10 10 10 
55 10 10 10 10 10 
56 10 10 10 10 10 
57 0 10 10 10 10 
58 10 0 0 10 10 
59 10 10 10 10 0 
60 0 10 10 10 10 
61 10 0 0 10 10 
62 10 10 10 10 10 
63 10 10 10 10 10 
64 10 10 10 10 10 
65 10 10 10 10 10 
66 10 10 10 10 0 
67 0 10 10 10 10 
68 10 10 10 10 10 
69 10 10 10 10 10 
70 10 10 10 10 0 
71 10 10 10 10 10 
72 10 10 10 10 10 
73 10 10 10 10 10 
74 10 10 10 0 10 
75 10 10 10 10 10 
76 10 10 10 10 10 
77 10 10 0 10 10 
78 10 10 10 10 10 
79 10 10 10 10 10 
80 10 10 10 10 10 
81 10 10 10 10 10 
82 10 10 10 10 10 
83 10 10 10 10 10 
84 10 10 10 0 10 
85 10 10 10 10 10 
86 10 10 10 10 10 
87 10 10 10 10 10 
88 10 10 10 10 10 
89 10 10 10 10 10 
90 10 10 10 10 10 
91 10 10 10 10 10 
92 10 10 10 10 0 
93 10 10 10 10 10 
94 10 10 10 10 10 
95 10 10 10 10 10 
96 10 10 10 10 10 
97 10 10 10 10 10 
98 10 10 10 10 10 
99 10 10 10 10 10 
100 10 10 10 10 10 
101 10 10 0 10 10 
102 10 10 10 10 0 
103 10 0 10 0 10 
104 10 0 10 10 10 
105 10 0 0 10 10 
106 10 10 10 10 10 
107 10 10 10 10 10 
108 10 10 10 10 10 
109 10 10 10 10 10 
110 10 10 10 10 10 
111 10 10 10 10 10 
112 10 10 10 10 10 
113 10 10 10 10 10 
114 10 10 10 10 0 
115 10 10 10 10 10 
116 10 10 0 10 10 
117 10 10 0 0 10 
118 10 10 10 10 10 
119 0 10 10 0 10 
120 10 10 10 0 10 
121 10 0 10 10 10 
122 10 10 10 10 10 
123 10 0 10 10 10 
124 10 10 10 10 10 
125 10 10 10 10 10 
126 10 10 10 10 0 
127 10 10 10 0 10 
128 10 10 10 10 0 
129 10 10 10 10 10 
130 10 10 10 0 10 
131 10 10 10 0 10 
132 10 10 10 10 10 
133 10 10 0 10 10 
134 10 10 10 0 10 
135 10 10 10 10 10 
136 10 10 0 10 10 
137 10 10 10 10 10 
138 0 10 10 10 10 
139 10 10 10 10 10 
140 10 10 10 10 10 
141 0 10 10 10 10 
142 10 10 10 10 10 
143 10 10 10 10 10 
144 0 10 0 10 10 
145 10 10 10 10 10 
146 0 10 10 10 10 
147 10 10 10 10 0 
148 10 10 10 10 10 
149 10 10 10 10 10 
150 10 10 10 10 10 
DEPOT_SECTION
0 0
-1
EOF
