NAME: CVRP_BENCHMARK
TYPE: CVRP
COMMENT: none
DIMENSION: 76
NUM_DAYS: 5
CAPACITY: 140
DISTANCE: 1e+07
EDGE_WEIGHT_TYPE: FUNCTION
EDGE_WEIGHT_FORMAT: EUC_2D
NODE_COORD_TYPE: TWOD_COORDS
NODE_COORD_SECTION
1 -18 -18
2 -4 -14
3 -19 5
4 5 -5
5 15 -20
6 -7 -6
7 10 10
8 15 5
9 -14 19
10 0 26
11 15 25
12 -5 11
13 22 -5
14 22 17
15 22 -16
16 -19 -4
17 -7 4
18 -31 16
19 22 8
20 26 -26
21 4 -27
22 -14 -27
23 -29 -12
24 -33 3
25 -23 24
26 1 6
27 15 -6
28 -5 -24
29 12 -14
30 3 -14
31 -9 36
32 -18 13
33 -14 -11
34 10 0
35 15 10
36 14 -30
37 20 -25
38 7 26
39 -10 20
40 -10 10
41 -28 -23
42 -25 -26
43 -24 -21
44 -19 8
45 10 -10
46 11 2
47 10 -25
48 8 -19
49 -28 -2
50 -25 16
51 -11 -1
52 14 -2
53 15 17
54 27 1
55 -30 30
56 -34 -15
57 25 -13
58 0 20
59 30 24
60 24 -36
61 -4 -34
62 -10 -20
63 -20 -10
64 -25 -35
65 10 30
66 17 32
67 5 2
68 -2 -7
69 10 -36
70 26 -32
71 19 -35
72 -5 20
73 -13 -16
74 0 -20
75 0 -3
DEMAND_SECTION
1 18 18 18 18 -1 
2 26 26 26 26 26 
3 11 11 11 11 -1 
4 -1 30 30 30 30 
5 21 21 21 21 21 
6 19 19 19 -1 19 
7 15 15 15 15 15 
8 16 16 -1 16 16 
9 29 29 29 29 29 
10 26 26 -1 26 -1 
11 37 37 37 37 37 
12 16 16 16 16 16 
13 12 -1 -1 12 12 
14 31 31 31 31 31 
15 8 8 8 -1 -1 
16 19 19 19 19 19 
17 20 20 20 20 20 
18 13 13 13 13 13 
19 -1 15 15 15 15 
20 -1 22 22 22 -1 
21 28 28 -1 -1 28 
22 12 12 12 12 12 
23 6 6 6 6 6 
24 27 27 27 27 -1 
25 14 14 14 14 -1 
26 -1 18 18 18 18 
27 17 17 17 17 17 
28 29 29 29 29 29 
29 13 -1 13 13 13 
30 22 22 22 22 -1 
31 25 25 25 25 25 
32 28 28 28 28 28 
33 27 27 27 27 -1 
34 19 19 19 -1 19 
35 10 10 10 -1 10 
36 12 12 12 -1 12 
37 14 14 14 14 14 
38 24 24 24 24 -1 
39 16 16 16 16 16 
40 33 33 -1 33 33 
41 -1 15 -1 -1 15 
42 11 11 11 11 11 
43 18 18 18 18 18 
44 17 17 17 17 17 
45 21 21 21 -1 21 
46 27 27 27 27 27 
47 -1 19 19 19 19 
48 20 20 20 20 20 
49 5 5 5 5 5 
50 22 22 22 22 22 
51 12 12 12 12 12 
52 19 19 19 19 19 
53 -1 22 22 22 22 
54 16 16 16 16 16 
55 7 7 7 7 7 
56 26 26 26 26 26 
57 -1 14 14 14 14 
58 21 -1 -1 21 21 
59 24 24 24 24 -1 
60 -1 13 13 13 13 
61 15 -1 -1 15 15 
62 18 18 18 18 18 
63 11 11 11 11 11 
64 28 28 28 28 28 
65 9 9 9 9 9 
66 37 37 37 37 -1 
67 -1 30 30 30 30 
68 10 10 10 10 10 
69 8 8 8 8 8 
70 11 11 11 11 -1 
71 3 3 3 3 3 
72 1 1 1 1 1 
73 6 6 6 6 6 
74 10 10 10 -1 10 
75 20 20 20 20 20 
SVC_TIME_SECTION
1 0 0 0 0 0 
2 0 0 0 0 0 
3 0 0 0 0 0 
4 0 0 0 0 0 
5 0 0 0 0 0 
6 0 0 0 0 0 
7 0 0 0 0 0 
8 0 0 0 0 0 
9 0 0 0 0 0 
10 0 0 0 0 0 
11 0 0 0 0 0 
12 0 0 0 0 0 
13 0 0 0 0 0 
14 0 0 0 0 0 
15 0 0 0 0 0 
16 0 0 0 0 0 
17 0 0 0 0 0 
18 0 0 0 0 0 
19 0 0 0 0 0 
20 0 0 0 0 0 
21 0 0 0 0 0 
22 0 0 0 0 0 
23 0 0 0 0 0 
24 0 0 0 0 0 
25 0 0 0 0 0 
26 0 0 0 0 0 
27 0 0 0 0 0 
28 0 0 0 0 0 
29 0 0 0 0 0 
30 0 0 0 0 0 
31 0 0 0 0 0 
32 0 0 0 0 0 
33 0 0 0 0 0 
34 0 0 0 0 0 
35 0 0 0 0 0 
36 0 0 0 0 0 
37 0 0 0 0 0 
38 0 0 0 0 0 
39 0 0 0 0 0 
40 0 0 0 0 0 
41 0 0 0 0 0 
42 0 0 0 0 0 
43 0 0 0 0 0 
44 0 0 0 0 0 
45 0 0 0 0 0 
46 0 0 0 0 0 
47 0 0 0 0 0 
48 0 0 0 0 0 
49 0 0 0 0 0 
50 0 0 0 0 0 
51 0 0 0 0 0 
52 0 0 0 0 0 
53 0 0 0 0 0 
54 0 0 0 0 0 
55 0 0 0 0 0 
56 0 0 0 0 0 
57 0 0 0 0 0 
58 0 0 0 0 0 
59 0 0 0 0 0 
60 0 0 0 0 0 
61 0 0 0 0 0 
62 0 0 0 0 0 
63 0 0 0 0 0 
64 0 0 0 0 0 
65 0 0 0 0 0 
66 0 0 0 0 0 
67 0 0 0 0 0 
68 0 0 0 0 0 
69 0 0 0 0 0 
70 0 0 0 0 0 
71 0 0 0 0 0 
72 0 0 0 0 0 
73 0 0 0 0 0 
74 0 0 0 0 0 
75 0 0 0 0 0 
DEPOT_SECTION
0 0
-1
EOF
