NAME: CVRP_BENCHMARK
TYPE: CVRP
COMMENT: none
DIMENSION: 101
NUM_DAYS: 5
CAPACITY: 200
DISTANCE: 1e+07
EDGE_WEIGHT_TYPE: FUNCTION
EDGE_WEIGHT_FORMAT: EUC_2D
NODE_COORD_TYPE: TWOD_COORDS
NODE_COORD_SECTION
1 6 14
2 0 -18
3 20 10
4 20 -15
5 -20 -5
6 -10 -5
7 -15 15
8 -25 8
9 20 25
10 -5 25
11 -15 30
12 15 0
13 -5 -10
14 -20 -25
15 -5 -30
16 -25 -15
17 -30 -5
18 -15 5
19 -20 25
20 10 30
21 10 -15
22 10 -25
23 20 -30
24 30 0
25 30 -15
26 10 -5
27 0 5
28 6 2
29 29 7
30 5 25
31 -4 17
32 0 34
33 18 17
34 30 20
35 28 30
36 -33 25
37 -15 -15
38 -30 -30
39 25 -23
40 5 -10
41 7 -28
42 -11 -23
43 -12 -32
44 -24 -21
45 -29 3
46 -33 13
47 -27 21
48 -22 17
49 -29 33
50 12 12
51 14 23
52 -8 8
53 2 -4
54 22 -6
55 28 -12
56 18 -23
57 -3 -23
58 1 -9
59 -14 -11
60 -18 -1
61 -23 -11
62 -11 23
63 -8 34
64 -20 42
65 27 42
66 14 38
67 32 -30
68 21 4
69 2 12
70 2 21
71 22 33
72 12 -19
73 9 -18
74 11 -22
75 14 -24
76 14 7
77 18 8
78 26 17
79 22 13
80 21 2
81 20 19
82 -20 12
83 -21 2
84 -24 -4
85 -19 -13
86 -31 -17
87 -7 -17
88 -9 17
89 -9 0
90 -4 32
91 -20 -16
92 -13 -13
93 -17 -11
94 -9 -8
95 -10 -11
96 -13 -8
97 -10 -14
98 -16 -14
99 -15 -9
100 -17 -17
DEMAND_SECTION
1 10 10 10 10 -1 
2 7 7 7 7 7 
3 13 13 13 13 -1 
4 -1 19 19 19 19 
5 26 26 26 26 26 
6 3 3 3 -1 3 
7 5 5 5 5 5 
8 9 9 -1 9 9 
9 16 16 16 16 16 
10 16 16 -1 16 -1 
11 12 12 12 12 12 
12 19 19 19 19 19 
13 23 -1 -1 23 23 
14 20 20 20 20 20 
15 8 8 8 -1 -1 
16 19 19 19 19 19 
17 2 2 2 2 2 
18 12 12 12 12 12 
19 -1 17 17 17 17 
20 -1 9 9 9 -1 
21 11 11 -1 -1 11 
22 18 18 18 18 18 
23 29 29 29 29 29 
24 3 3 3 3 -1 
25 6 6 6 6 -1 
26 -1 17 17 17 17 
27 16 16 16 16 16 
28 16 16 16 16 16 
29 9 -1 9 9 9 
30 21 21 21 21 -1 
31 27 27 27 27 27 
32 23 23 23 23 23 
33 11 11 11 11 -1 
34 14 14 14 -1 14 
35 8 8 8 -1 8 
36 5 5 5 -1 5 
37 8 8 8 8 8 
38 16 16 16 16 -1 
39 31 31 31 31 31 
40 9 9 -1 9 9 
41 -1 5 -1 -1 5 
42 5 5 5 5 5 
43 7 7 7 7 7 
44 18 18 18 18 18 
45 16 16 16 -1 16 
46 1 1 1 1 1 
47 -1 27 27 27 27 
48 36 36 36 36 36 
49 30 30 30 30 30 
50 13 13 13 13 13 
51 10 10 10 10 10 
52 9 9 9 9 9 
53 -1 14 14 14 14 
54 18 18 18 18 18 
55 2 2 2 2 2 
56 6 6 6 6 6 
57 -1 7 7 7 7 
58 18 -1 -1 18 18 
59 28 28 28 28 -1 
60 -1 3 3 3 3 
61 13 -1 -1 13 13 
62 19 19 19 19 19 
63 10 10 10 10 10 
64 9 9 9 9 9 
65 20 20 20 20 20 
66 25 25 25 25 -1 
67 -1 25 25 25 25 
68 36 36 36 36 36 
69 6 6 6 6 6 
70 5 5 5 5 -1 
71 15 15 15 15 15 
72 25 25 25 25 25 
73 9 9 9 9 9 
74 8 8 8 -1 8 
75 18 18 18 18 18 
76 13 13 13 13 13 
77 14 14 -1 14 14 
78 3 3 3 3 3 
79 23 23 23 23 23 
80 6 6 6 6 6 
81 26 26 26 26 26 
82 16 16 16 16 16 
83 11 11 11 11 11 
84 7 7 7 -1 7 
85 41 41 41 41 41 
86 35 35 35 35 35 
87 26 26 26 26 26 
88 9 9 9 9 9 
89 15 15 15 15 15 
90 3 3 3 3 3 
91 1 1 1 1 1 
92 2 2 2 2 -1 
93 22 22 22 22 22 
94 27 27 27 27 27 
95 20 20 20 20 20 
96 11 11 11 11 11 
97 12 12 12 12 12 
98 10 10 10 10 10 
99 9 9 9 9 9 
100 17 17 17 17 17 
SVC_TIME_SECTION
1 0 0 0 0 0 
2 0 0 0 0 0 
3 0 0 0 0 0 
4 0 0 0 0 0 
5 0 0 0 0 0 
6 0 0 0 0 0 
7 0 0 0 0 0 
8 0 0 0 0 0 
9 0 0 0 0 0 
10 0 0 0 0 0 
11 0 0 0 0 0 
12 0 0 0 0 0 
13 0 0 0 0 0 
14 0 0 0 0 0 
15 0 0 0 0 0 
16 0 0 0 0 0 
17 0 0 0 0 0 
18 0 0 0 0 0 
19 0 0 0 0 0 
20 0 0 0 0 0 
21 0 0 0 0 0 
22 0 0 0 0 0 
23 0 0 0 0 0 
24 0 0 0 0 0 
25 0 0 0 0 0 
26 0 0 0 0 0 
27 0 0 0 0 0 
28 0 0 0 0 0 
29 0 0 0 0 0 
30 0 0 0 0 0 
31 0 0 0 0 0 
32 0 0 0 0 0 
33 0 0 0 0 0 
34 0 0 0 0 0 
35 0 0 0 0 0 
36 0 0 0 0 0 
37 0 0 0 0 0 
38 0 0 0 0 0 
39 0 0 0 0 0 
40 0 0 0 0 0 
41 0 0 0 0 0 
42 0 0 0 0 0 
43 0 0 0 0 0 
44 0 0 0 0 0 
45 0 0 0 0 0 
46 0 0 0 0 0 
47 0 0 0 0 0 
48 0 0 0 0 0 
49 0 0 0 0 0 
50 0 0 0 0 0 
51 0 0 0 0 0 
52 0 0 0 0 0 
53 0 0 0 0 0 
54 0 0 0 0 0 
55 0 0 0 0 0 
56 0 0 0 0 0 
57 0 0 0 0 0 
58 0 0 0 0 0 
59 0 0 0 0 0 
60 0 0 0 0 0 
61 0 0 0 0 0 
62 0 0 0 0 0 
63 0 0 0 0 0 
64 0 0 0 0 0 
65 0 0 0 0 0 
66 0 0 0 0 0 
67 0 0 0 0 0 
68 0 0 0 0 0 
69 0 0 0 0 0 
70 0 0 0 0 0 
71 0 0 0 0 0 
72 0 0 0 0 0 
73 0 0 0 0 0 
74 0 0 0 0 0 
75 0 0 0 0 0 
76 0 0 0 0 0 
77 0 0 0 0 0 
78 0 0 0 0 0 
79 0 0 0 0 0 
80 0 0 0 0 0 
81 0 0 0 0 0 
82 0 0 0 0 0 
83 0 0 0 0 0 
84 0 0 0 0 0 
85 0 0 0 0 0 
86 0 0 0 0 0 
87 0 0 0 0 0 
88 0 0 0 0 0 
89 0 0 0 0 0 
90 0 0 0 0 0 
91 0 0 0 0 0 
92 0 0 0 0 0 
93 0 0 0 0 0 
94 0 0 0 0 0 
95 0 0 0 0 0 
96 0 0 0 0 0 
97 0 0 0 0 0 
98 0 0 0 0 0 
99 0 0 0 0 0 
100 0 0 0 0 0 
DEPOT_SECTION
0 0
-1
EOF
