NAME: CVRP_BENCHMARK
TYPE: CVRP
COMMENT: none
DIMENSION: 200
NUM_DAYS: 5
CAPACITY: 200
DISTANCE: 200
EDGE_WEIGHT_TYPE: FUNCTION
EDGE_WEIGHT_FORMAT: EUC_2D
NODE_COORD_TYPE: TWOD_COORDS
NODE_COORD_SECTION
1 -13 -13
2 1 -9
3 -14 10
4 10 0
5 20 -15
6 -2 -1
7 15 15
8 20 10
9 -9 24
10 5 31
11 20 30
12 0 16
13 27 0
14 27 22
15 27 -11
16 -14 1
17 -2 9
18 -26 21
19 27 13
20 31 -21
21 9 -22
22 -9 -22
23 -24 -7
24 -28 8
25 -18 29
26 6 11
27 20 -1
28 0 -19
29 17 -9
30 8 -9
31 -4 41
32 -13 18
33 -9 -6
34 15 5
35 20 15
36 19 -25
37 25 -20
38 12 31
39 -5 25
40 -5 15
41 -23 -18
42 -20 -21
43 -19 -16
44 -14 13
45 15 -5
46 16 7
47 15 -20
48 13 -14
49 -23 3
50 2 17
51 14 14
52 17 29
53 -15 -9
54 5 -5
55 -14 12
56 -18 28
57 -4 27
58 17 -2
59 16 -14
60 7 6
61 -4 -3
62 -30 -10
63 -23 7
64 1 -19
65 17 6
66 -8 -12
67 -18 -2
68 -22 -22
69 22 23
70 27 7
71 7 22
72 -19 22
73 -27 17
74 -28 3
75 -8 33
76 -5 13
77 8 32
78 23 13
79 23 -8
80 2 34
81 3 11
82 11 -25
83 26 -2
84 27 28
85 28 34
86 -3 -13
87 10 0
88 24 -20
89 -30 -29
90 -25 -18
91 -14 -25
92 -30 29
93 -5 -20
94 4 -25
95 -3 4
96 -10 -3
97 -10 20
98 13 -7
99 21 2
100 6 14
101 0 -18
102 20 10
103 20 -15
104 -20 -5
105 -10 -5
106 -15 15
107 -25 8
108 20 25
109 -5 25
110 -15 30
111 15 0
112 -5 -10
113 -20 -25
114 -5 -30
115 -25 -15
116 -30 -5
117 -15 5
118 -20 25
119 10 30
120 10 -15
121 10 -25
122 20 -30
123 30 0
124 30 -15
125 10 -5
126 0 5
127 6 2
128 29 7
129 5 25
130 -4 17
131 0 34
132 18 17
133 30 20
134 28 30
135 -33 25
136 -15 -15
137 -30 -30
138 25 -23
139 5 -10
140 7 -28
141 -11 -23
142 -12 -32
143 -24 -21
144 -29 3
145 -33 13
146 -27 21
147 -22 17
148 -29 33
149 12 12
150 14 23
151 -8 8
152 2 -4
153 22 -6
154 28 -12
155 18 -23
156 -3 -23
157 1 -9
158 -14 -11
159 -18 -1
160 -23 -11
161 -11 23
162 -8 34
163 -20 42
164 27 42
165 14 38
166 32 -30
167 21 4
168 2 12
169 2 21
170 22 33
171 12 -19
172 9 -18
173 11 -22
174 14 -24
175 14 7
176 18 8
177 26 17
178 22 13
179 21 2
180 20 19
181 -20 12
182 -21 2
183 -24 -4
184 -19 -13
185 -31 -17
186 -7 -17
187 -9 17
188 -9 0
189 -4 32
190 -20 -16
191 -13 -13
192 -17 -11
193 -9 -8
194 -10 -11
195 -13 -8
196 -10 -14
197 -16 -14
198 -15 -9
199 -17 -17
DEMAND_SECTION
1 18 18 18 18 -1 
2 26 26 26 26 26 
3 11 11 11 11 -1 
4 -1 30 30 30 30 
5 21 21 21 21 21 
6 19 19 19 -1 19 
7 15 15 15 15 15 
8 16 16 -1 16 16 
9 29 29 29 29 29 
10 -1 -1 -1 -1 -1 
11 37 37 37 37 37 
12 16 16 16 16 16 
13 12 -1 -1 12 12 
14 31 31 31 31 31 
15 8 8 8 -1 -1 
16 19 19 19 19 19 
17 20 20 20 20 20 
18 13 13 13 13 13 
19 -1 15 15 15 15 
20 -1 22 22 22 -1 
21 28 28 -1 -1 28 
22 12 12 12 12 12 
23 6 6 6 6 6 
24 27 27 27 27 -1 
25 14 14 14 14 -1 
26 -1 18 18 18 18 
27 17 17 17 17 17 
28 29 29 29 29 29 
29 13 -1 13 13 13 
30 22 22 22 22 -1 
31 25 25 25 25 25 
32 28 28 28 28 28 
33 27 27 27 27 -1 
34 19 19 19 -1 19 
35 10 10 10 -1 10 
36 12 12 12 -1 12 
37 14 14 14 14 14 
38 24 24 24 24 -1 
39 16 16 16 16 16 
40 33 33 -1 33 33 
41 -1 15 -1 -1 15 
42 11 11 11 11 11 
43 18 18 18 18 18 
44 17 17 17 17 17 
45 21 21 21 -1 21 
46 27 27 27 27 27 
47 -1 19 19 19 19 
48 20 20 20 20 20 
49 5 5 5 5 5 
50 7 7 7 7 7 
51 30 30 30 30 30 
52 16 16 16 16 16 
53 -1 9 9 9 9 
54 21 21 21 21 21 
55 15 15 15 15 15 
56 19 19 19 19 19 
57 -1 23 23 23 23 
58 11 -1 -1 11 11 
59 5 5 5 5 -1 
60 -1 19 19 19 19 
61 29 -1 -1 29 29 
62 23 23 23 23 23 
63 21 21 21 21 21 
64 10 10 10 10 10 
65 15 15 15 15 15 
66 3 3 3 3 -1 
67 -1 41 41 41 41 
68 9 9 9 9 9 
69 28 28 28 28 28 
70 8 8 8 8 -1 
71 8 8 8 8 8 
72 16 16 16 16 16 
73 10 10 10 10 10 
74 28 28 28 -1 28 
75 7 7 7 7 7 
76 15 15 15 15 15 
77 14 14 -1 14 14 
78 6 6 6 6 6 
79 19 19 19 19 19 
80 11 11 11 11 11 
81 12 12 12 12 12 
82 23 23 23 23 23 
83 26 26 26 26 26 
84 17 17 17 -1 17 
85 6 6 6 6 6 
86 9 9 9 9 9 
87 15 15 15 15 15 
88 14 14 14 14 14 
89 7 7 7 7 7 
90 27 27 27 27 27 
91 13 13 13 13 13 
92 11 11 11 11 -1 
93 16 16 16 16 16 
94 10 10 10 10 10 
95 5 5 5 5 5 
96 25 25 25 25 25 
97 17 17 17 17 17 
98 18 18 18 18 18 
99 10 10 10 10 10 
100 10 10 10 10 10 
101 7 7 -1 7 7 
102 13 13 13 13 -1 
103 19 -1 19 -1 19 
104 26 -1 26 26 26 
105 3 -1 -1 3 3 
106 5 5 5 5 5 
107 9 9 9 9 9 
108 16 16 16 16 16 
109 16 16 16 16 16 
110 12 12 12 12 12 
111 19 19 19 19 19 
112 23 23 23 23 23 
113 20 20 20 20 20 
114 8 8 8 8 -1 
115 19 19 19 19 19 
116 2 2 -1 2 2 
117 12 12 -1 -1 12 
118 17 17 17 17 17 
119 -1 9 9 -1 9 
120 11 11 11 -1 11 
121 18 -1 18 18 18 
122 29 29 29 29 29 
123 3 -1 3 3 3 
124 6 6 6 6 6 
125 17 17 17 17 17 
126 16 16 16 16 -1 
127 16 16 16 -1 16 
128 9 9 9 9 -1 
129 21 21 21 21 21 
130 27 27 27 -1 27 
131 23 23 23 -1 23 
132 11 11 11 11 11 
133 14 14 -1 14 14 
134 8 8 8 -1 8 
135 5 5 5 5 5 
136 8 8 -1 8 8 
137 16 16 16 16 16 
138 -1 31 31 31 31 
139 9 9 9 9 9 
140 5 5 5 5 5 
141 -1 5 5 5 5 
142 7 7 7 7 7 
143 18 18 18 18 18 
144 -1 16 -1 16 16 
145 1 1 1 1 1 
146 -1 27 27 27 27 
147 36 36 36 36 -1 
148 30 30 30 30 30 
149 13 13 13 13 13 
150 10 10 10 10 10 
151 9 9 9 9 9 
152 14 14 14 14 14 
153 18 18 18 18 18 
154 2 -1 2 2 2 
155 6 6 6 6 6 
156 7 7 7 7 7 
157 18 18 -1 18 18 
158 28 28 28 28 -1 
159 3 3 3 3 3 
160 13 13 13 13 -1 
161 19 19 -1 19 19 
162 10 10 10 10 10 
163 9 -1 9 9 -1 
164 20 20 20 20 20 
165 25 25 25 25 25 
166 25 25 25 25 25 
167 36 36 36 36 36 
168 -1 6 6 6 6 
169 5 5 5 5 5 
170 15 15 15 15 15 
171 25 25 25 25 -1 
172 9 9 9 9 9 
173 -1 8 8 8 8 
174 18 18 18 18 18 
175 -1 13 13 13 13 
176 14 14 14 14 -1 
177 3 3 3 3 3 
178 23 23 23 23 23 
179 6 6 6 6 6 
180 26 26 26 26 26 
181 16 16 16 16 16 
182 11 11 11 11 -1 
183 7 7 7 -1 7 
184 41 41 41 41 41 
185 35 35 35 35 35 
186 26 26 26 26 26 
187 9 9 9 9 9 
188 15 15 15 15 15 
189 3 3 3 3 3 
190 1 1 1 1 1 
191 2 2 -1 2 2 
192 22 22 22 22 22 
193 27 27 27 27 27 
194 20 20 20 20 20 
195 11 11 11 -1 11 
196 12 12 12 12 12 
197 -1 10 10 10 10 
198 -1 9 9 9 9 
199 17 17 17 17 17 
SVC_TIME_SECTION
1 10 10 10 10 0 
2 10 10 10 10 10 
3 10 10 10 10 0 
4 0 10 10 10 10 
5 10 10 10 10 10 
6 10 10 10 0 10 
7 10 10 10 10 10 
8 10 10 0 10 10 
9 10 10 10 10 10 
10 0 0 0 0 0 
11 10 10 10 10 10 
12 10 10 10 10 10 
13 10 0 0 10 10 
14 10 10 10 10 10 
15 10 10 10 0 0 
16 10 10 10 10 10 
17 10 10 10 10 10 
18 10 10 10 10 10 
19 0 10 10 10 10 
20 0 10 10 10 0 
21 10 10 0 0 10 
22 10 10 10 10 10 
23 10 10 10 10 10 
24 10 10 10 10 0 
25 10 10 10 10 0 
26 0 10 10 10 10 
27 10 10 10 10 10 
28 10 10 10 10 10 
29 10 0 10 10 10 
30 10 10 10 10 0 
31 10 10 10 10 10 
32 10 10 10 10 10 
33 10 10 10 10 0 
34 10 10 10 0 10 
35 10 10 10 0 10 
36 10 10 10 0 10 
37 10 10 10 10 10 
38 10 10 10 10 0 
39 10 10 10 10 10 
40 10 10 0 10 10 
41 0 10 0 0 10 
42 10 10 10 10 10 
43 10 10 10 10 10 
44 10 10 10 10 10 
45 10 10 10 0 10 
46 10 10 10 10 10 
47 0 10 10 10 10 
48 10 10 10 10 10 
49 10 10 10 10 10 
50 10 10 10 10 10 
51 10 10 10 10 10 
52 10 10 10 10 10 
53 0 10 10 10 10 
54 10 10 10 10 10 
55 10 10 10 10 10 
56 10 10 10 10 10 
57 0 10 10 10 10 
58 10 0 0 10 10 
59 10 10 10 10 0 
60 0 10 10 10 10 
61 10 0 0 10 10 
62 10 10 10 10 10 
63 10 10 10 10 10 
64 10 10 10 10 10 
65 10 10 10 10 10 
66 10 10 10 10 0 
67 0 10 10 10 10 
68 10 10 10 10 10 
69 10 10 10 10 10 
70 10 10 10 10 0 
71 10 10 10 10 10 
72 10 10 10 10 10 
73 10 10 10 10 10 
74 10 10 10 0 10 
75 10 10 10 10 10 
76 10 10 10 10 10 
77 10 10 0 10 10 
78 10 10 10 10 10 
79 10 10 10 10 10 
80 10 10 10 10 10 
81 10 10 10 10 10 
82 10 10 10 10 10 
83 10 10 10 10 10 
84 10 10 10 0 10 
85 10 10 10 10 10 
86 10 10 10 10 10 
87 10 10 10 10 10 
88 10 10 10 10 10 
89 10 10 10 10 10 
90 10 10 10 10 10 
91 10 10 10 10 10 
92 10 10 10 10 0 
93 10 10 10 10 10 
94 10 10 10 10 10 
95 10 10 10 10 10 
96 10 10 10 10 10 
97 10 10 10 10 10 
98 10 10 10 10 10 
99 10 10 10 10 10 
100 10 10 10 10 10 
101 10 10 0 10 10 
102 10 10 10 10 0 
103 10 0 10 0 10 
104 10 0 10 10 10 
105 10 0 0 10 10 
106 10 10 10 10 10 
107 10 10 10 10 10 
108 10 10 10 10 10 
109 10 10 10 10 10 
110 10 10 10 10 10 
111 10 10 10 10 10 
112 10 10 10 10 10 
113 10 10 10 10 10 
114 10 10 10 10 0 
115 10 10 10 10 10 
116 10 10 0 10 10 
117 10 10 0 0 10 
118 10 10 10 10 10 
119 0 10 10 0 10 
120 10 10 10 0 10 
121 10 0 10 10 10 
122 10 10 10 10 10 
123 10 0 10 10 10 
124 10 10 10 10 10 
125 10 10 10 10 10 
126 10 10 10 10 0 
127 10 10 10 0 10 
128 10 10 10 10 0 
129 10 10 10 10 10 
130 10 10 10 0 10 
131 10 10 10 0 10 
132 10 10 10 10 10 
133 10 10 0 10 10 
134 10 10 10 0 10 
135 10 10 10 10 10 
136 10 10 0 10 10 
137 10 10 10 10 10 
138 0 10 10 10 10 
139 10 10 10 10 10 
140 10 10 10 10 10 
141 0 10 10 10 10 
142 10 10 10 10 10 
143 10 10 10 10 10 
144 0 10 0 10 10 
145 10 10 10 10 10 
146 0 10 10 10 10 
147 10 10 10 10 0 
148 10 10 10 10 10 
149 10 10 10 10 10 
150 10 10 10 10 10 
151 10 10 10 10 10 
152 10 10 10 10 10 
153 10 10 10 10 10 
154 10 0 10 10 10 
155 10 10 10 10 10 
156 10 10 10 10 10 
157 10 10 0 10 10 
158 10 10 10 10 0 
159 10 10 10 10 10 
160 10 10 10 10 0 
161 10 10 0 10 10 
162 10 10 10 10 10 
163 10 0 10 10 0 
164 10 10 10 10 10 
165 10 10 10 10 10 
166 10 10 10 10 10 
167 10 10 10 10 10 
168 0 10 10 10 10 
169 10 10 10 10 10 
170 10 10 10 10 10 
171 10 10 10 10 0 
172 10 10 10 10 10 
173 0 10 10 10 10 
174 10 10 10 10 10 
175 0 10 10 10 10 
176 10 10 10 10 0 
177 10 10 10 10 10 
178 10 10 10 10 10 
179 10 10 10 10 10 
180 10 10 10 10 10 
181 10 10 10 10 10 
182 10 10 10 10 0 
183 10 10 10 0 10 
184 10 10 10 10 10 
185 10 10 10 10 10 
186 10 10 10 10 10 
187 10 10 10 10 10 
188 10 10 10 10 10 
189 10 10 10 10 10 
190 10 10 10 10 10 
191 10 10 0 10 10 
192 10 10 10 10 10 
193 10 10 10 10 10 
194 10 10 10 10 10 
195 10 10 10 0 10 
196 10 10 10 10 10 
197 0 10 10 10 10 
198 0 10 10 10 10 
199 10 10 10 10 10 
DEPOT_SECTION
0 0
-1
EOF
