NAME: CVRP_BENCHMARK
TYPE: CVRP
COMMENT: none
DIMENSION: 76
NUM_DAYS: 5
CAPACITY: 140
DISTANCE: 160
EDGE_WEIGHT_TYPE: FUNCTION
EDGE_WEIGHT_FORMAT: EUC_2D
NODE_COORD_TYPE: TWOD_COORDS
NODE_COORD_SECTION
1 -18 -18
2 -4 -14
3 -19 5
4 5 -5
5 15 -20
6 -7 -6
7 10 10
8 15 5
9 -14 19
10 0 26
11 15 25
12 -5 11
13 22 -5
14 22 17
15 22 -16
16 -19 -4
17 -7 4
18 -31 16
19 22 8
20 26 -26
21 4 -27
22 -14 -27
23 -29 -12
24 -33 3
25 -23 24
26 1 6
27 15 -6
28 -5 -24
29 12 -14
30 3 -14
31 -9 36
32 -18 13
33 -14 -11
34 10 0
35 15 10
36 14 -30
37 20 -25
38 7 26
39 -10 20
40 -10 10
41 -28 -23
42 -25 -26
43 -24 -21
44 -19 8
45 10 -10
46 11 2
47 10 -25
48 8 -19
49 -28 -2
50 -25 16
51 -11 -1
52 14 -2
53 15 17
54 27 1
55 -30 30
56 -34 -15
57 25 -13
58 0 20
59 30 24
60 24 -36
61 -4 -34
62 -10 -20
63 -20 -10
64 -25 -35
65 10 30
66 17 32
67 5 2
68 -2 -7
69 10 -36
70 26 -32
71 19 -35
72 -5 20
73 -13 -16
74 0 -20
75 0 -3
DEMAND_SECTION
1 -1 18 -1 -1 -1 
2 26 26 -1 26 -1 
3 11 -1 11 -1 -1 
4 -1 -1 -1 30 -1 
5 21 21 21 -1 21 
6 19 19 19 -1 19 
7 -1 -1 -1 15 -1 
8 -1 16 -1 16 -1 
9 -1 -1 29 -1 29 
10 26 -1 -1 26 -1 
11 -1 37 37 -1 -1 
12 16 16 16 16 16 
13 12 -1 -1 -1 12 
14 -1 31 -1 -1 -1 
15 -1 8 8 -1 -1 
16 -1 19 -1 -1 19 
17 -1 20 20 -1 -1 
18 13 13 -1 13 -1 
19 -1 -1 -1 -1 15 
20 -1 22 -1 -1 -1 
21 28 28 -1 -1 28 
22 -1 -1 12 -1 12 
23 -1 6 6 6 6 
24 27 -1 27 27 -1 
25 14 14 14 -1 -1 
26 -1 -1 18 -1 18 
27 17 17 -1 17 17 
28 -1 29 -1 29 -1 
29 13 -1 13 -1 13 
30 22 -1 -1 -1 -1 
31 -1 -1 25 25 -1 
32 28 28 28 28 -1 
33 -1 -1 27 27 -1 
34 19 -1 19 -1 19 
35 -1 10 10 -1 -1 
36 12 12 12 -1 -1 
37 14 -1 -1 14 -1 
38 24 -1 -1 24 -1 
39 -1 -1 -1 -1 16 
40 33 -1 -1 -1 -1 
41 -1 -1 -1 -1 15 
42 11 -1 -1 11 -1 
43 18 -1 18 -1 18 
44 17 17 17 -1 17 
45 -1 -1 -1 21 -1 
46 -1 27 27 -1 -1 
47 19 19 -1 19 19 
48 20 -1 -1 20 -1 
49 5 5 5 -1 5 
50 -1 22 22 -1 -1 
51 -1 12 12 -1 -1 
52 -1 19 -1 19 -1 
53 -1 -1 22 -1 22 
54 16 -1 -1 16 16 
55 7 -1 -1 -1 7 
56 -1 26 26 26 -1 
57 14 -1 14 14 14 
58 -1 -1 -1 -1 21 
59 -1 24 -1 -1 -1 
60 -1 13 -1 -1 13 
61 -1 -1 -1 15 -1 
62 18 18 -1 18 18 
63 -1 11 11 11 -1 
64 -1 28 -1 28 -1 
65 -1 9 9 9 9 
66 37 37 37 -1 -1 
67 -1 -1 -1 30 30 
68 10 -1 -1 10 10 
69 8 8 -1 8 8 
70 11 11 11 -1 -1 
71 3 -1 -1 3 3 
72 -1 -1 -1 1 -1 
73 6 -1 6 6 6 
74 -1 -1 -1 10 -1 
75 20 20 20 -1 -1 
SVC_TIME_SECTION
1 0 10 0 0 0 
2 10 10 0 10 0 
3 10 0 10 0 0 
4 0 0 0 10 0 
5 10 10 10 0 10 
6 10 10 10 0 10 
7 0 0 0 10 0 
8 0 10 0 10 0 
9 0 0 10 0 10 
10 10 0 0 10 0 
11 0 10 10 0 0 
12 10 10 10 10 10 
13 10 0 0 0 10 
14 0 10 0 0 0 
15 0 10 10 0 0 
16 0 10 0 0 10 
17 0 10 10 0 0 
18 10 10 0 10 0 
19 0 0 0 0 10 
20 0 10 0 0 0 
21 10 10 0 0 10 
22 0 0 10 0 10 
23 0 10 10 10 10 
24 10 0 10 10 0 
25 10 10 10 0 0 
26 0 0 10 0 10 
27 10 10 0 10 10 
28 0 10 0 10 0 
29 10 0 10 0 10 
30 10 0 0 0 0 
31 0 0 10 10 0 
32 10 10 10 10 0 
33 0 0 10 10 0 
34 10 0 10 0 10 
35 0 10 10 0 0 
36 10 10 10 0 0 
37 10 0 0 10 0 
38 10 0 0 10 0 
39 0 0 0 0 10 
40 10 0 0 0 0 
41 0 0 0 0 10 
42 10 0 0 10 0 
43 10 0 10 0 10 
44 10 10 10 0 10 
45 0 0 0 10 0 
46 0 10 10 0 0 
47 10 10 0 10 10 
48 10 0 0 10 0 
49 10 10 10 0 10 
50 0 10 10 0 0 
51 0 10 10 0 0 
52 0 10 0 10 0 
53 0 0 10 0 10 
54 10 0 0 10 10 
55 10 0 0 0 10 
56 0 10 10 10 0 
57 10 0 10 10 10 
58 0 0 0 0 10 
59 0 10 0 0 0 
60 0 10 0 0 10 
61 0 0 0 10 0 
62 10 10 0 10 10 
63 0 10 10 10 0 
64 0 10 0 10 0 
65 0 10 10 10 10 
66 10 10 10 0 0 
67 0 0 0 10 10 
68 10 0 0 10 10 
69 10 10 0 10 10 
70 10 10 10 0 0 
71 10 0 0 10 10 
72 0 0 0 10 0 
73 10 0 10 10 10 
74 0 0 0 10 0 
75 10 10 10 0 0 
DEPOT_SECTION
0 0
-1
EOF
