NAME: CVRP_BENCHMARK
TYPE: CVRP
COMMENT: none
DIMENSION: 51
NUM_DAYS: 5
CAPACITY: 160
DISTANCE: 1e+07
EDGE_WEIGHT_TYPE: FUNCTION
EDGE_WEIGHT_FORMAT: EUC_2D
NODE_COORD_TYPE: TWOD_COORDS
NODE_COORD_SECTION
1 7 12
2 19 9
3 22 24
4 -10 -14
5 10 -10
6 -9 7
7 -13 23
8 1 22
9 22 -7
10 21 -19
11 12 1
12 1 -8
13 -25 -15
14 -18 2
15 6 -24
16 22 1
17 -3 -17
18 -13 -7
19 -17 -27
20 27 18
21 32 2
22 12 17
23 -14 17
24 -22 12
25 -23 -2
26 -3 28
27 0 8
28 13 27
29 28 8
30 28 -13
31 7 29
32 8 6
33 16 -30
34 31 -7
35 32 23
36 33 29
37 2 -18
38 15 -5
39 29 -25
40 -25 -34
41 -20 -23
42 -9 -30
43 -25 24
44 0 -25
45 9 -30
46 2 -1
47 -5 -8
48 -5 15
49 18 -12
50 26 -3
DEMAND_SECTION
1 -1 7 -1 -1 -1 
2 30 30 -1 30 -1 
3 16 -1 16 -1 -1 
4 -1 -1 -1 9 -1 
5 21 21 21 -1 21 
6 15 15 15 -1 15 
7 -1 -1 -1 19 -1 
8 -1 23 -1 23 -1 
9 -1 -1 11 -1 11 
10 5 -1 -1 5 -1 
11 -1 19 19 -1 -1 
12 29 29 29 29 29 
13 23 -1 -1 -1 23 
14 -1 21 -1 -1 -1 
15 -1 10 10 -1 -1 
16 -1 15 -1 -1 15 
17 -1 3 3 -1 -1 
18 41 41 -1 41 -1 
19 -1 -1 -1 -1 9 
20 -1 28 -1 -1 -1 
21 8 8 -1 -1 8 
22 -1 -1 8 -1 8 
23 -1 16 16 16 16 
24 10 -1 10 10 -1 
25 28 28 28 -1 -1 
26 -1 -1 7 -1 7 
27 15 15 -1 15 15 
28 -1 14 -1 14 -1 
29 6 -1 6 -1 6 
30 19 -1 -1 -1 -1 
31 -1 -1 11 11 -1 
32 12 12 12 12 -1 
33 -1 -1 23 23 -1 
34 26 -1 26 -1 26 
35 -1 17 17 -1 -1 
36 6 6 6 -1 -1 
37 9 -1 -1 9 -1 
38 15 -1 -1 15 -1 
39 -1 -1 -1 -1 14 
40 7 -1 -1 -1 -1 
41 -1 -1 -1 -1 27 
42 13 -1 -1 13 -1 
43 11 -1 11 -1 11 
44 16 16 16 -1 16 
45 -1 -1 -1 10 -1 
46 -1 5 5 -1 -1 
47 25 25 -1 25 25 
48 17 -1 -1 17 -1 
49 18 18 18 -1 18 
50 -1 10 10 -1 -1 
SVC_TIME_SECTION
1 0 0 0 0 0 
2 0 0 0 0 0 
3 0 0 0 0 0 
4 0 0 0 0 0 
5 0 0 0 0 0 
6 0 0 0 0 0 
7 0 0 0 0 0 
8 0 0 0 0 0 
9 0 0 0 0 0 
10 0 0 0 0 0 
11 0 0 0 0 0 
12 0 0 0 0 0 
13 0 0 0 0 0 
14 0 0 0 0 0 
15 0 0 0 0 0 
16 0 0 0 0 0 
17 0 0 0 0 0 
18 0 0 0 0 0 
19 0 0 0 0 0 
20 0 0 0 0 0 
21 0 0 0 0 0 
22 0 0 0 0 0 
23 0 0 0 0 0 
24 0 0 0 0 0 
25 0 0 0 0 0 
26 0 0 0 0 0 
27 0 0 0 0 0 
28 0 0 0 0 0 
29 0 0 0 0 0 
30 0 0 0 0 0 
31 0 0 0 0 0 
32 0 0 0 0 0 
33 0 0 0 0 0 
34 0 0 0 0 0 
35 0 0 0 0 0 
36 0 0 0 0 0 
37 0 0 0 0 0 
38 0 0 0 0 0 
39 0 0 0 0 0 
40 0 0 0 0 0 
41 0 0 0 0 0 
42 0 0 0 0 0 
43 0 0 0 0 0 
44 0 0 0 0 0 
45 0 0 0 0 0 
46 0 0 0 0 0 
47 0 0 0 0 0 
48 0 0 0 0 0 
49 0 0 0 0 0 
50 0 0 0 0 0 
DEPOT_SECTION
0 0
-1
EOF
